0.0,3986
10.0,4
11.0,10
12.0,13
13.0,15
14.0,11
15.0,16
16.0,8
17.0,9
18.0,11
19.0,21
20.0,13
21.0,6
22.0,16
23.0,12
24.0,24
25.0,11
26.0,21
27.0,13
28.0,14
29.0,15
30.0,11
31.0,10
32.0,7
33.0,3
34.0,5
35.0,35
36.0,19
37.0,17
38.0,8
39.0,7
40.0,5
41.0,27
42.0,3
43.0,5
44.0,10
45.0,13
46.0,16
47.0,7
48.0,3
49.0,8
50.0,9
51.0,10
52.0,6
53.0,4
54.0,11
55.0,16
56.0,4
57.0,10
58.0,2
59.0,9
60.0,11
61.0,4
62.0,7
63.0,2
64.0,6
65.0,8
66.0,14
67.0,8
68.0,4
69.0,4
70.0,19
71.0,14
72.0,6
73.0,10
74.0,5
75.0,13
76.0,4
77.0,4
78.0,4
79.0,8
80.0,13
81.0,16
82.0,21
83.0,7
84.0,5
85.0,25
86.0,9
87.0,9
88.0,19
89.0,14
90.0,18
91.0,13
92.0,9
93.0,18
94.0,12
95.0,11
96.0,14
97.0,19
98.0,10
99.0,9
100.0,23
101.0,19
102.0,35
103.0,25
104.0,19
105.0,14
106.0,20
107.0,11
108.0,21
109.0,9
110.0,18
111.0,16
112.0,19
113.0,4
114.0,20
115.0,16
116.0,14
117.0,10
118.0,5
119.0,9
120.0,4
121.0,14
122.0,8
123.0,7
124.0,6
125.0,7
126.0,5
127.0,10
128.0,1
129.0,2
130.0,1
131.0,20
132.0,10
133.0,5
134.0,12
135.0,12
136.0,6
137.0,4
138.0,7
139.0,18
140.0,16
141.0,7
142.0,16
143.0,9
144.0,3
145.0,5
146.0,14
147.0,8
148.0,20
149.0,15
150.0,26
151.0,22
152.0,16
153.0,3
154.0,9
155.0,13
156.0,11
157.0,12
158.0,10
159.0,4
160.0,4
161.0,15
162.0,4
163.0,9
164.0,3
165.0,9
166.0,21
167.0,22
168.0,29
169.0,34
170.0,21
171.0,20
172.0,9
173.0,8
174.0,14
175.0,16
176.0,13
177.0,6
178.0,8
179.0,10
180.0,20
181.0,10
182.0,21
183.0,10
184.0,11
185.0,6
186.0,7
187.0,11
188.0,23
189.0,11
190.0,20
191.0,10
192.0,8
193.0,4
194.0,8
195.0,22
196.0,9
197.0,5
198.0,6
199.0,10
200.0,15
201.0,11
202.0,16
203.0,14
204.0,13
205.0,28
206.0,8
207.0,17
208.0,37
209.0,18
210.0,32
211.0,23
212.0,12
213.0,6
214.0,9
215.0,15
216.0,19
217.0,9
218.0,17
219.0,26
220.0,18
221.0,23
222.0,15
223.0,20
224.0,15
225.0,8
226.0,14
227.0,14
228.0,12
229.0,7
230.0,17
231.0,18
232.0,10
233.0,15
234.0,21
235.0,15
236.0,8
237.0,11
238.0,14
239.0,12
240.0,14
241.0,18
242.0,6
243.0,9
244.0,8
245.0,4
246.0,10
247.0,4
248.0,5
249.0,7
250.0,15
251.0,11
252.0,7
253.0,4
254.0,13
255.0,22
256.0,18
257.0,9
258.0,14
259.0,7
260.0,16
261.0,14
262.0,13
263.0,12
264.0,14
265.0,21
266.0,15
267.0,14
268.0,37
269.0,15
270.0,13
271.0,16
272.0,12
273.0,16
274.0,8
275.0,13
276.0,14
277.0,25
278.0,11
279.0,14
280.0,23
281.0,11
282.0,14
283.0,7
284.0,4
285.0,18
286.0,11
287.0,20
288.0,11
289.0,12
290.0,17
291.0,9
292.0,16
293.0,10
294.0,13
295.0,8
296.0,14
297.0,8
298.0,5
299.0,10
300.0,7
301.0,18
302.0,18
303.0,3
304.0,14
305.0,9
306.0,10
307.0,10
308.0,10
309.0,9
310.0,9
311.0,16
312.0,28
313.0,45
314.0,42
315.0,23
316.0,21
317.0,26
318.0,24
319.0,26
320.0,22
321.0,15
322.0,21
323.0,17
324.0,11
325.0,32
326.0,20
327.0,25
328.0,30
329.0,21
330.0,29
331.0,11
332.0,23
333.0,3
334.0,10
335.0,19
336.0,18
337.0,14
338.0,16
339.0,17
340.0,41
341.0,23
342.0,36
343.0,21
344.0,16
345.0,14
346.0,22
347.0,14
348.0,19
349.0,9
350.0,19
351.0,17
352.0,25
353.0,5
354.0,24
355.0,20
356.0,22
357.0,14
358.0,19
359.0,18
360.0,23
361.0,14
362.0,38
363.0,21
364.0,34
365.0,11
366.0,16
367.0,13
368.0,13
369.0,9
370.0,27
371.0,29
372.0,34
373.0,17
374.0,39
375.0,25
376.0,29
377.0,9
378.0,10
379.0,25
380.0,17
381.0,26
382.0,18
383.0,18
384.0,11
385.0,30
386.0,33
387.0,20
388.0,29
389.0,14
390.0,14
391.0,15
392.0,14
393.0,19
394.0,9
395.0,16
396.0,17
397.0,14
398.0,9
399.0,6
400.0,19
401.0,27
402.0,18
403.0,4
404.0,13
405.0,5
406.0,10
407.0,12
408.0,3
409.0,7
410.0,10
411.0,10
412.0,19
413.0,5
414.0,9
415.0,10
416.0,11
417.0,11
418.0,6
419.0,8
420.0,7
421.0,9
422.0,9
423.0,11
424.0,8
425.0,7
426.0,7
427.0,9
428.0,17
429.0,13
430.0,6
431.0,12
432.0,9
433.0,3
434.0,13
435.0,19
436.0,8
437.0,3
438.0,13
439.0,7
440.0,20
441.0,11
442.0,10
443.0,10
444.0,7
445.0,14
446.0,23
447.0,10
448.0,19
449.0,28
450.0,21
451.0,13
452.0,11
453.0,15
454.0,8
455.0,12
456.0,22
457.0,15
458.0,11
459.0,13
460.0,4
461.0,37
462.0,27
463.0,32
464.0,9
465.0,7
466.0,37
467.0,14
468.0,8
469.0,9
470.0,10
471.0,10
472.0,12
473.0,11
474.0,9
475.0,18
476.0,18
477.0,8
478.0,6
479.0,5
480.0,19
481.0,10
482.0,15
483.0,3
484.0,7
485.0,4
486.0,8
487.0,8
488.0,7
489.0,6
490.0,8
491.0,17
492.0,15
493.0,7
494.0,6
495.0,18
496.0,7
497.0,17
498.0,6
499.0,14
500.0,12
501.0,9
502.0,13
503.0,10
504.0,2
505.0,12
506.0,8
507.0,11
508.0,17
509.0,5
510.0,11
511.0,13
512.0,2
513.0,2
514.0,12
515.0,11
516.0,16
517.0,2
518.0,9
519.0,4
520.0,6
521.0,15
522.0,7
523.0,8
524.0,2
525.0,3
526.0,9
527.0,6
528.0,4
529.0,2
530.0,10
531.0,5
532.0,7
533.0,3
534.0,6
535.0,13
536.0,9
537.0,5
538.0,4
539.0,9
540.0,13
541.0,7
542.0,11
543.0,11
544.0,10
545.0,11
546.0,7
547.0,9
548.0,7
549.0,10
550.0,9
551.0,14
552.0,14
553.0,6
554.0,19
555.0,12
556.0,8
557.0,16
558.0,8
559.0,4
560.0,15
561.0,7
562.0,13
563.0,14
564.0,13
565.0,26
566.0,7
567.0,13
568.0,25
569.0,9
570.0,14
571.0,13
572.0,7
573.0,11
574.0,14
575.0,11
576.0,14
577.0,11
578.0,7
579.0,11
580.0,7
581.0,18
582.0,14
583.0,26
584.0,7
585.0,8
586.0,14
587.0,9
588.0,5
589.0,7
590.0,10
591.0,7
592.0,6
593.0,3
594.0,8
595.0,11
596.0,6
597.0,8
598.0,14
599.0,2
600.0,11
601.0,7
602.0,11
603.0,16
604.0,4
605.0,19
606.0,7
607.0,5
608.0,7
609.0,5
610.0,9
611.0,13
612.0,2
613.0,7
614.0,13
615.0,18
616.0,14
617.0,11
618.0,12
619.0,7
620.0,23
621.0,18
622.0,15
623.0,12
624.0,13
625.0,21
626.0,22
627.0,9
628.0,27
629.0,8
630.0,11
631.0,11
632.0,5
633.0,12
634.0,12
635.0,11
636.0,10
637.0,20
638.0,23
639.0,7
640.0,9
641.0,13
642.0,14
643.0,4
644.0,10
645.0,15
646.0,14
647.0,10
648.0,11
649.0,16
650.0,19
651.0,9
652.0,9
653.0,6
654.0,9
655.0,13
656.0,2
657.0,6
658.0,13
659.0,7
660.0,8
661.0,11
662.0,10
663.0,2
664.0,4
665.0,16
666.0,11
667.0,5
668.0,3
669.0,7
670.0,13
671.0,13
672.0,7
673.0,4
674.0,11
675.0,9
676.0,10
677.0,5
678.0,18
679.0,4
680.0,10
681.0,4
682.0,21
683.0,6
684.0,8
685.0,13
686.0,12
687.0,6
688.0,8
689.0,12
690.0,13
691.0,10
692.0,5
693.0,3
694.0,9
695.0,8
696.0,9
697.0,3
698.0,6
699.0,3
700.0,15
701.0,15
702.0,41
703.0,3
704.0,14
705.0,7
706.0,9
707.0,12
708.0,3
709.0,10
710.0,6
711.0,30
712.0,6
713.0,4
714.0,5
715.0,10
716.0,22
717.0,14
718.0,4
719.0,12
720.0,15
721.0,15
722.0,16
723.0,12
724.0,5
725.0,25
726.0,12
727.0,6
728.0,4
729.0,1
730.0,19
731.0,27
732.0,15
733.0,18
734.0,14
735.0,26
736.0,19
737.0,14
738.0,16
739.0,9
740.0,40
741.0,25
742.0,14
743.0,5
744.0,14
745.0,12
746.0,13
747.0,22
748.0,16
749.0,6
750.0,12
751.0,8
752.0,3
753.0,2
754.0,5
755.0,6
756.0,8
757.0,9
758.0,7
759.0,5
760.0,14
761.0,14
762.0,7
763.0,6
764.0,7
765.0,10
766.0,7
767.0,8
768.0,3
769.0,4
770.0,10
771.0,16
772.0,8
773.0,13
774.0,9
775.0,16
776.0,7
777.0,4
778.0,6
779.0,6
780.0,21
781.0,10
782.0,7
783.0,8
784.0,5
785.0,12
786.0,4
787.0,5
788.0,6
789.0,17
790.0,22
791.0,18
792.0,5
793.0,8
794.0,18
795.0,13
796.0,9
797.0,12
798.0,10
799.0,8
800.0,17
801.0,21
802.0,14
803.0,4
804.0,11
805.0,18
806.0,18
807.0,13
808.0,20
809.0,5
810.0,20
811.0,16
812.0,10
813.0,6
814.0,16
815.0,9
816.0,18
817.0,20
818.0,18
819.0,16
820.0,29
821.0,21
822.0,39
823.0,3
824.0,7
825.0,8
826.0,10
827.0,5
828.0,4
829.0,16
830.0,16
831.0,16
832.0,7
833.0,7
834.0,10
835.0,11
836.0,11
837.0,9
838.0,8
839.0,12
840.0,15
841.0,17
842.0,9
843.0,3
844.0,19
845.0,19
846.0,10
847.0,22
848.0,13
849.0,10
850.0,15
851.0,11
852.0,6
853.0,2
854.0,17
855.0,17
856.0,10
857.0,15
858.0,4
859.0,10
860.0,13
861.0,7
862.0,16
863.0,6
864.0,9
865.0,9
866.0,8
867.0,12
868.0,22
870.0,22
871.0,7
872.0,6
873.0,5
874.0,13
875.0,9
876.0,10
877.0,4
878.0,8
879.0,15
880.0,13
881.0,9
882.0,2
883.0,1
884.0,19
885.0,6
886.0,10
887.0,7
888.0,18
889.0,3
890.0,16
891.0,9
892.0,12
893.0,6
894.0,8
895.0,13
896.0,9
897.0,9
898.0,8
899.0,7
900.0,12
901.0,12
902.0,11
903.0,5
904.0,8
905.0,4
906.0,16
907.0,13
908.0,9
909.0,9
910.0,27
911.0,12
912.0,17
913.0,26
914.0,22
915.0,33
916.0,21
917.0,9
918.0,17
919.0,12
920.0,17
921.0,6
922.0,6
923.0,35
924.0,18
925.0,22
926.0,30
927.0,19
928.0,31
929.0,6
930.0,22
931.0,13
932.0,6
933.0,8
934.0,8
935.0,5
936.0,9
937.0,8
938.0,6
939.0,14
940.0,15
941.0,24
942.0,36
943.0,3
944.0,6
945.0,6
946.0,11
947.0,10
948.0,10
949.0,2
950.0,8
951.0,10
952.0,13
953.0,3
954.0,8
955.0,14
956.0,12
957.0,10
958.0,8
959.0,6
960.0,16
961.0,8
962.0,10
963.0,21
964.0,9
965.0,20
966.0,17
967.0,6
968.0,11
969.0,35
970.0,11
971.0,19
972.0,14
973.0,12
974.0,20
975.0,16
976.0,9
977.0,15
978.0,11
979.0,29
980.0,18
981.0,18
982.0,32
983.0,7
984.0,9
985.0,17
986.0,23
987.0,18
988.0,24
989.0,14
990.0,14
991.0,14
992.0,11
993.0,7
994.0,6
995.0,14
996.0,9
997.0,11
998.0,12
999.0,30
1000.0,21
1001.0,23
1002.0,24
1003.0,16
1004.0,7
1005.0,15
1006.0,12
1007.0,13
1008.0,3
1009.0,5
1010.0,8
1011.0,9
1012.0,20
1013.0,2
1014.0,27
1015.0,15
1016.0,14
1017.0,16
1018.0,10
1019.0,17
1020.0,10
1021.0,13
1022.0,25
1023.0,14
1024.0,14
1025.0,26
1026.0,9
1027.0,5
1028.0,20
1029.0,9
1030.0,23
1031.0,23
1032.0,15
1033.0,12
1034.0,15
1035.0,19
1036.0,12
1037.0,5
1038.0,30
1039.0,6
1040.0,20
1041.0,12
1042.0,14
1043.0,15
1044.0,6
1045.0,22
1046.0,11
1047.0,17
1048.0,29
1049.0,23
1050.0,18
1051.0,10
1052.0,30
1053.0,11
1054.0,12
1055.0,8
1056.0,13
1057.0,21
1058.0,23
1059.0,8
1060.0,4
1061.0,21
1062.0,9
1063.0,15
1064.0,15
1065.0,25
1066.0,16
1067.0,21
1068.0,19
1069.0,8
1070.0,12
1071.0,16
1072.0,5
1073.0,24
1074.0,14
1075.0,17
1076.0,14
1077.0,19
1078.0,21
1079.0,8
1080.0,14
1081.0,13
1082.0,16
1083.0,24
1084.0,9
1085.0,11
1086.0,17
1087.0,17
1088.0,2
1089.0,11
1090.0,19
1091.0,15
1092.0,24
1093.0,31
1094.0,13
1095.0,26
1096.0,21
1097.0,12
1098.0,9
1099.0,13
1100.0,4
1101.0,31
1102.0,8
1103.0,24
1104.0,12
1105.0,13
1106.0,24
1107.0,22
1108.0,28
1109.0,9
1110.0,20
1111.0,6
1112.0,8
1113.0,6
1114.0,27
1115.0,14
1116.0,8
1117.0,10
1118.0,9
1119.0,30
1120.0,11
1121.0,14
1122.0,11
1123.0,2
1124.0,16
1125.0,5
1126.0,11
1127.0,5
1128.0,9
1129.0,2
1130.0,18
1131.0,15
1132.0,17
1133.0,17
1134.0,11
1135.0,7
1136.0,11
1137.0,8
1138.0,4
1139.0,9
1140.0,18
1141.0,8
1142.0,27
1143.0,15
1144.0,6
1145.0,11
1146.0,17
1147.0,5
1148.0,7
1149.0,13
1150.0,18
1151.0,19
1152.0,15
1153.0,11
1154.0,11
1155.0,21
1156.0,12
1157.0,17
1158.0,14
1159.0,19
1160.0,19
1161.0,15
1162.0,26
1163.0,16
1164.0,10
1165.0,37
1166.0,9
1167.0,12
1168.0,28
1169.0,22
1170.0,22
1171.0,28
1172.0,22
1173.0,8
1174.0,7
1175.0,10
1176.0,22
1177.0,14
1178.0,21
1179.0,21
1180.0,21
1181.0,36
1182.0,30
1183.0,21
1184.0,38
1185.0,28
1186.0,22
1187.0,13
1188.0,12
1189.0,17
1190.0,8
1191.0,17
1192.0,11
1193.0,17
1194.0,17
1195.0,21
1196.0,12
1197.0,26
1198.0,16
1199.0,11
1200.0,9
1201.0,13
1202.0,15
1203.0,10
1204.0,7
1205.0,13
1206.0,18
1207.0,13
1208.0,9
1209.0,20
1210.0,8
1211.0,30
1212.0,29
1213.0,16
1214.0,12
1215.0,19
1216.0,15
1217.0,9
1218.0,12
1219.0,3
1220.0,22
1221.0,19
1222.0,25
1223.0,20
1224.0,22
1225.0,11
1226.0,32
1227.0,10
1228.0,22
1229.0,23
1230.0,9
1231.0,14
1232.0,14
1233.0,16
1234.0,25
1235.0,11
1236.0,17
1237.0,15
1238.0,22
1239.0,10
1240.0,10
1241.0,25
1242.0,7
1243.0,13
1244.0,5
1245.0,18
1246.0,6
1247.0,16
1248.0,14
1249.0,10
1250.0,12
1251.0,10
1252.0,17
1253.0,8
1254.0,13
1255.0,12
1256.0,10
1257.0,31
1258.0,7
1259.0,18
1260.0,39
1261.0,24
1262.0,25
1263.0,23
1264.0,39
1265.0,26
1266.0,17
1267.0,20
1268.0,17
1269.0,28
1270.0,30
1271.0,25
1272.0,24
1273.0,13
1274.0,10
1275.0,18
1276.0,10
1277.0,11
1278.0,47
1279.0,6
1280.0,19
1281.0,20
1282.0,43
1283.0,17
1284.0,18
1285.0,18
1286.0,25
1287.0,14
1288.0,45
1289.0,30
1290.0,19
1291.0,34
1292.0,19
1293.0,49
1294.0,21
1295.0,15
1296.0,21
1297.0,17
1298.0,18
1299.0,19
1300.0,36
1301.0,26
1302.0,20
1303.0,20
1304.0,39
1305.0,58
1306.0,48
1307.0,22
1308.0,25
1309.0,18
1310.0,39
1311.0,32
1312.0,23
1313.0,21
1314.0,33
1315.0,15
1316.0,14
1317.0,16
1318.0,21
1319.0,14
1320.0,16
1321.0,17
1322.0,18
1323.0,20
1324.0,14
1325.0,28
1326.0,22
1327.0,16
1328.0,17
1329.0,21
1330.0,14
1331.0,29
1332.0,3
1333.0,25
1334.0,26
1335.0,12
1336.0,16
1337.0,12
1338.0,24
1339.0,8
1340.0,10
1341.0,27
1342.0,22
1343.0,17
1344.0,7
1345.0,8
1346.0,25
1347.0,5
1348.0,19
1349.0,31
1350.0,27
1351.0,7
1352.0,26
1353.0,24
1354.0,12
1355.0,19
1356.0,10
1357.0,11
1358.0,7
1359.0,7
1360.0,5
1361.0,9
1362.0,13
1363.0,20
1364.0,14
1365.0,15
1366.0,22
1367.0,4
1368.0,19
1369.0,4
1370.0,20
1371.0,11
1372.0,17
1373.0,6
1374.0,25
1375.0,12
1376.0,11
1377.0,7
1379.0,25
1380.0,8
1381.0,24
1382.0,5
1383.0,26
1384.0,3
1385.0,25
1386.0,2
1387.0,18
1388.0,17
1389.0,9
1390.0,5
1391.0,7
1392.0,11
1393.0,5
1394.0,8
1395.0,9
1396.0,6
1397.0,19
1398.0,13
1399.0,9
1400.0,3
1401.0,19
1402.0,9
1403.0,11
1404.0,6
1405.0,12
1406.0,9
1407.0,16
1408.0,25
1409.0,6
1410.0,12
1411.0,10
1412.0,9
1413.0,10
1414.0,3
1415.0,12
1416.0,7
1417.0,11
1418.0,13
1419.0,12
1420.0,16
1421.0,23
1422.0,17
1423.0,40
1424.0,26
1425.0,12
1426.0,11
1427.0,18
1428.0,9
1429.0,10
1430.0,23
1431.0,17
1432.0,9
1433.0,15
1434.0,18
1435.0,17
1436.0,7
1437.0,15
1438.0,4
1439.0,18
1440.0,10
1441.0,12
1442.0,18
1443.0,10
1444.0,6
1445.0,14
1446.0,11
1447.0,11
1448.0,12
1449.0,5
1450.0,16
1451.0,23
1452.0,14
1453.0,4
1454.0,6
1455.0,19
1456.0,14
1457.0,10
1458.0,23
1459.0,19
1460.0,22
1461.0,19
1462.0,21
1463.0,12
1464.0,8
1465.0,6
1466.0,14
1467.0,23
1468.0,19
1469.0,14
1470.0,16
1471.0,11
1472.0,13
1473.0,13
1474.0,17
1475.0,19
1476.0,6
1477.0,19
1478.0,19
1479.0,15
1480.0,9
1481.0,16
1482.0,10
1483.0,15
1484.0,5
1485.0,11
1486.0,16
1487.0,12
1488.0,2
1489.0,2
1490.0,15
1491.0,10
1492.0,6
1493.0,7
1494.0,6
1495.0,18
1496.0,16
1497.0,14
1498.0,19
1499.0,9
1500.0,11
1501.0,4
1502.0,16
1503.0,14
1504.0,7
1505.0,14
1506.0,14
1507.0,13
1508.0,14
1509.0,12
1510.0,18
1511.0,14
1512.0,12
1513.0,8
1514.0,7
1515.0,25
1516.0,20
1517.0,27
1518.0,13
1519.0,8
1520.0,14
1521.0,20
1522.0,13
1523.0,19
1524.0,7
1525.0,10
1526.0,18
1527.0,22
1528.0,36
1529.0,4
1530.0,15
1531.0,21
1532.0,12
1533.0,4
1534.0,20
1535.0,16
1536.0,10
1537.0,6
1538.0,14
1539.0,19
1540.0,11
1541.0,16
1542.0,12
1543.0,30
1544.0,6
1545.0,19
1546.0,17
1547.0,15
1548.0,3
1549.0,7
1550.0,15
1551.0,17
1552.0,9
1553.0,11
1554.0,19
1555.0,6
1556.0,9
1557.0,21
1558.0,12
1559.0,22
1560.0,13
1561.0,6
1562.0,11
1563.0,10
1564.0,21
1565.0,10
1566.0,16
1567.0,7
1568.0,13
1569.0,7
1570.0,11
1571.0,20
1572.0,9
1573.0,12
1574.0,13
1575.0,11
1576.0,4
1577.0,6
1578.0,12
1579.0,9
1580.0,19
1581.0,19
1582.0,14
1583.0,22
1584.0,12
1585.0,13
1586.0,20
1587.0,9
1588.0,8
1589.0,23
1590.0,7
1591.0,22
1592.0,11
1593.0,19
1594.0,7
1595.0,21
1596.0,11
1597.0,15
1598.0,18
1599.0,9
1600.0,9
1601.0,14
1602.0,26
1603.0,6
1604.0,11
1605.0,13
1606.0,22
1607.0,20
1608.0,12
1609.0,9
1610.0,13
1611.0,18
1612.0,14
1613.0,16
1614.0,22
1615.0,14
1616.0,23
1617.0,13
1618.0,11
1619.0,17
1620.0,15
1621.0,13
1622.0,19
1623.0,19
1624.0,12
1625.0,19
1626.0,17
1627.0,6
1628.0,17
1629.0,20
1630.0,9
1631.0,21
1632.0,9
1633.0,21
1634.0,14
1635.0,17
1636.0,15
1637.0,11
1638.0,12
1639.0,19
1640.0,13
1641.0,19
1642.0,18
1643.0,23
1644.0,11
1645.0,14
1646.0,11
1647.0,32
1648.0,14
1649.0,25
1650.0,14
1651.0,17
1652.0,6
1653.0,23
1654.0,8
1655.0,13
1656.0,22
1657.0,11
1658.0,11
1659.0,11
1660.0,25
1661.0,19
1662.0,37
1663.0,9
1664.0,73
1665.0,39
1666.0,14
1667.0,12
1668.0,10
1669.0,16
1670.0,14
1671.0,17
1672.0,18
1673.0,10
1674.0,17
1675.0,14
1676.0,23
1677.0,9
1678.0,12
1679.0,8
1680.0,12
1681.0,14
1682.0,19
1683.0,5
1684.0,15
1685.0,28
1686.0,17
1687.0,7
1688.0,13
1689.0,7
1690.0,10
1691.0,32
1692.0,24
1693.0,3
1694.0,24
1695.0,24
1696.0,20
1697.0,19
1698.0,14
1699.0,17
1700.0,26
1701.0,24
1702.0,12
1703.0,24
1704.0,15
1705.0,24
1706.0,16
1707.0,22
1708.0,19
1709.0,24
1710.0,15
1711.0,15
1712.0,18
1713.0,7
1714.0,21
1715.0,15
1716.0,7
1717.0,5
1718.0,19
1719.0,7
1720.0,14
1721.0,8
1722.0,11
1723.0,17
1724.0,14
1725.0,9
1726.0,4
1727.0,12
1728.0,10
1729.0,7
1730.0,26
1731.0,14
1732.0,13
1733.0,8
1734.0,13
1735.0,21
1736.0,7
1737.0,12
1738.0,16
1739.0,15
1740.0,13
1741.0,12
1742.0,16
1743.0,13
1744.0,19
1745.0,19
1746.0,10
1747.0,5
1748.0,13
1749.0,17
1750.0,16
1751.0,24
1752.0,9
1753.0,20
1754.0,32
1755.0,29
1756.0,15
1757.0,16
1758.0,15
1759.0,19
1760.0,25
1761.0,10
1762.0,19
1763.0,25
1764.0,10
1765.0,20
1766.0,19
1767.0,23
1768.0,28
1769.0,20
1770.0,30
1771.0,15
1772.0,11
1773.0,14
1774.0,13
1775.0,12
1776.0,13
1777.0,29
1778.0,29
1779.0,15
1780.0,33
1781.0,30
1782.0,23
1783.0,25
1784.0,40
1785.0,14
1786.0,14
1787.0,24
1788.0,24
1789.0,23
1790.0,29
1791.0,20
1792.0,35
1793.0,20
1794.0,63
1795.0,32
1796.0,21
1797.0,21
1798.0,24
1799.0,12
1800.0,28
1801.0,16
1802.0,26
1803.0,16
1804.0,21
1805.0,14
1806.0,13
1807.0,14
1808.0,14
1809.0,12
1810.0,26
1811.0,23
1812.0,15
1813.0,13
1814.0,22
1815.0,22
1816.0,3
1817.0,17
1818.0,36
1819.0,11
1820.0,29
1821.0,11
1822.0,24
1823.0,18
1824.0,11
1825.0,20
1826.0,16
1827.0,11
1828.0,28
1829.0,4
1830.0,12
1831.0,18
1832.0,4
1833.0,13
1834.0,4
1835.0,16
1836.0,12
1837.0,14
1838.0,11
1839.0,9
1840.0,8
1841.0,11
1842.0,11
1843.0,14
1844.0,21
1845.0,5
1846.0,16
1847.0,15
1848.0,12
1849.0,7
1850.0,27
1851.0,4
1852.0,2
1853.0,2
1854.0,5
1855.0,43
1856.0,2
1857.0,21
1858.0,1
1859.0,31
1860.0,3
1861.0,33
1862.0,7
1863.0,46
1864.0,1
1865.0,45
1866.0,17
1867.0,5
1868.0,32
1869.0,5
1870.0,28
1871.0,28
1872.0,15
1873.0,10
1874.0,12
1875.0,28
1876.0,9
1877.0,29
1878.0,7
1879.0,16
1880.0,5
1881.0,22
1882.0,13
1883.0,8
1884.0,41
1885.0,29
1886.0,24
1887.0,17
1888.0,34
1889.0,11
1890.0,18
1891.0,17
1892.0,11
1893.0,8
1894.0,17
1895.0,15
1896.0,9
1897.0,15
1898.0,27
1899.0,15
1900.0,11
1901.0,20
1902.0,23
1903.0,35
1904.0,14
1905.0,10
1906.0,14
1907.0,9
1908.0,4
1909.0,10
1910.0,17
1911.0,19
1912.0,9
1913.0,3
1914.0,16
1915.0,16
1916.0,13
1917.0,16
1918.0,24
1919.0,20
1920.0,26
1921.0,19
1922.0,18
1923.0,6
1924.0,9
1925.0,15
1926.0,25
1927.0,9
1928.0,15
1929.0,7
1930.0,17
1931.0,15
1932.0,19
1933.0,7
1934.0,19
1935.0,21
1936.0,18
1937.0,11
1938.0,12
1939.0,19
1940.0,11
1941.0,18
1942.0,25
1943.0,14
1944.0,5
1945.0,9
1946.0,25
1947.0,10
1948.0,26
1949.0,1
1950.0,12
1951.0,16
1952.0,12
1953.0,19
1954.0,24
1955.0,12
1956.0,26
1957.0,11
1958.0,20
1959.0,14
1960.0,16
1961.0,11
1962.0,15
1963.0,16
1964.0,11
1965.0,6
1966.0,12
1967.0,18
1968.0,18
1969.0,3
1970.0,17
1971.0,25
1972.0,14
1973.0,4
1974.0,16
1975.0,12
1976.0,14
1977.0,15
1978.0,4
1979.0,10
1980.0,7
1981.0,11
1982.0,9
1983.0,7
1984.0,16
1985.0,20
1986.0,12
1987.0,2
1988.0,13
1989.0,8
1990.0,15
1991.0,18
1992.0,12
1993.0,63
1994.0,36
1995.0,48
1996.0,28
1997.0,39
1998.0,36
1999.0,34
2000.0,60
2001.0,44
2002.0,49
2003.0,31
2004.0,35
2005.0,27
2006.0,19
2007.0,10
2008.0,22
2009.0,17
2010.0,16
2011.0,10
2012.0,14
2013.0,6
2014.0,9
2015.0,15
2016.0,13
2017.0,3
2018.0,20
2019.0,21
2020.0,6
2021.0,22
2022.0,14
2023.0,31
2024.0,13
2025.0,15
2026.0,18
2027.0,18
2028.0,12
2029.0,11
2030.0,24
2031.0,27
2032.0,9
2033.0,2
2034.0,7
2035.0,6
2036.0,4
2037.0,33
2038.0,32
2039.0,24
2040.0,16
2041.0,14
2042.0,32
2043.0,17
2044.0,23
2045.0,23
2046.0,12
2047.0,26
2048.0,26
2049.0,4
2050.0,28
2051.0,19
2052.0,15
2053.0,8
2054.0,14
2055.0,16
2056.0,22
2057.0,15
2058.0,10
2059.0,11
2060.0,30
2061.0,22
2062.0,24
2063.0,28
2064.0,8
2065.0,8
2066.0,14
2067.0,20
2068.0,20
2069.0,11
2070.0,28
2071.0,12
2072.0,24
2073.0,5
2074.0,7
2075.0,29
2076.0,16
2077.0,9
2078.0,10
2079.0,23
2080.0,11
2081.0,23
2082.0,24
2083.0,15
2084.0,8
2085.0,16
2086.0,11
2087.0,17
2088.0,12
2089.0,14
2090.0,26
2091.0,8
2092.0,16
2093.0,11
2094.0,7
2095.0,12
2096.0,12
2097.0,7
2098.0,12
2099.0,5
2100.0,16
2101.0,16
2102.0,10
2103.0,4
2104.0,6
2105.0,8
2106.0,4
2107.0,7
2108.0,10
2109.0,11
2110.0,25
2111.0,9
2112.0,8
2113.0,2
2114.0,17
2115.0,16
2116.0,10
2117.0,15
2118.0,11
2119.0,15
2120.0,29
2121.0,10
2122.0,20
2123.0,10
2124.0,9
2125.0,9
2126.0,4
2127.0,14
2128.0,25
2129.0,6
2130.0,13
2131.0,25
2132.0,19
2133.0,10
2134.0,19
2135.0,12
2136.0,12
2137.0,15
2138.0,18
2139.0,25
2140.0,18
2141.0,21
2142.0,14
2143.0,9
2144.0,12
2145.0,42
2146.0,24
2147.0,10
2148.0,10
2149.0,6
2150.0,23
2151.0,10
2152.0,16
2153.0,24
2154.0,17
2155.0,13
2156.0,17
2157.0,17
2158.0,12
2159.0,28
2160.0,6
2161.0,21
2162.0,19
2163.0,8
2164.0,12
2165.0,30
2166.0,26
2167.0,18
2168.0,21
2169.0,7
2170.0,14
2171.0,21
2172.0,8
2173.0,4
2174.0,33
2175.0,16
2176.0,24
2177.0,14
2178.0,4
2179.0,23
2180.0,22
2181.0,18
2182.0,12
2183.0,13
2184.0,17
2185.0,22
2186.0,13
2187.0,10
2188.0,14
2189.0,13
2190.0,28
2191.0,13
2192.0,7
2193.0,6
2194.0,12
2195.0,9
2196.0,7
2197.0,11
2198.0,16
2199.0,18
2200.0,10
2201.0,16
2202.0,18
2203.0,15
2204.0,11
2205.0,9
2206.0,19
2207.0,11
2208.0,10
2209.0,22
2210.0,16
2211.0,20
2212.0,19
2213.0,19
2214.0,18
2215.0,28
2216.0,8
2217.0,21
2218.0,11
2219.0,7
2220.0,36
2221.0,18
2222.0,8
2223.0,29
2224.0,21
2225.0,9
2226.0,28
2227.0,16
2228.0,14
2229.0,11
2230.0,23
2231.0,15
2232.0,24
2233.0,11
2234.0,16
2235.0,20
2236.0,10
2237.0,10
2238.0,10
2239.0,6
2240.0,13
2241.0,19
2242.0,11
2243.0,14
2244.0,8
2245.0,13
2246.0,14
2247.0,6
2248.0,12
2249.0,7
2250.0,30
2251.0,11
2252.0,3
2253.0,16
2254.0,8
2255.0,13
2256.0,10
2257.0,25
2258.0,27
2259.0,9
2260.0,21
2261.0,23
2262.0,16
2263.0,30
2264.0,9
2265.0,7
2266.0,17
2267.0,10
2268.0,9
2269.0,3
2270.0,14
2271.0,10
2272.0,2
2273.0,23
2274.0,8
2275.0,24
2276.0,35
2277.0,21
2278.0,21
2279.0,10
2280.0,14
2281.0,12
2282.0,21
2283.0,16
2284.0,10
2285.0,17
2286.0,8
2287.0,15
2288.0,16
2289.0,3
2290.0,31
2291.0,30
2292.0,25
2293.0,8
2294.0,16
2295.0,22
2296.0,13
2297.0,16
2298.0,8
2299.0,14
2300.0,26
2301.0,13
2302.0,14
2303.0,7
2304.0,9
2305.0,11
2306.0,23
2307.0,17
2308.0,21
2309.0,12
2310.0,9
2311.0,19
2312.0,8
2313.0,17
2314.0,24
2315.0,22
2316.0,20
2317.0,5
2318.0,13
2319.0,11
2320.0,26
2321.0,11
2322.0,7
2323.0,22
2324.0,6
2325.0,18
2326.0,16
2327.0,11
2328.0,7
2329.0,12
2330.0,17
2331.0,21
2332.0,12
2333.0,15
2334.0,12
2335.0,15
2336.0,19
2337.0,20
2338.0,3
2339.0,12
2340.0,18
2341.0,9
2342.0,13
2343.0,8
2344.0,10
2345.0,10
2346.0,2
2347.0,7
2348.0,9
2349.0,1
2350.0,25
2351.0,25
2352.0,5
2353.0,14
2354.0,14
2355.0,23
2356.0,9
2357.0,24
2358.0,24
2359.0,14
2360.0,19
2361.0,21
2362.0,16
2363.0,17
2364.0,4
2365.0,15
2366.0,12
2367.0,19
2368.0,25
2369.0,8
2370.0,16
2371.0,9
2372.0,6
2373.0,10
2374.0,3
2375.0,17
2376.0,5
2377.0,5
2378.0,9
2379.0,11
2380.0,26
2381.0,20
2382.0,9
2383.0,36
2384.0,9
2385.0,7
2386.0,22
2387.0,13
2388.0,21
2389.0,9
2390.0,26
2391.0,12
2392.0,21
2393.0,15
2394.0,10
2395.0,12
2396.0,23
2397.0,18
2398.0,20
2399.0,17
2400.0,12
2401.0,9
2402.0,23
2403.0,16
2404.0,6
2405.0,12
2406.0,7
2407.0,10
2408.0,20
2409.0,19
2410.0,7
2411.0,43
2412.0,21
2413.0,20
2414.0,10
2415.0,12
2416.0,18
2417.0,8
2418.0,15
2419.0,11
2420.0,13
2421.0,15
2422.0,21
2423.0,12
2424.0,34
2425.0,12
2426.0,12
2427.0,10
2428.0,18
2429.0,19
2430.0,11
2431.0,10
2432.0,16
2433.0,12
2434.0,5
2435.0,12
2436.0,7
2437.0,7
2438.0,10
2439.0,6
2440.0,7
2441.0,21
2442.0,30
2443.0,24
2444.0,13
2445.0,37
2446.0,32
2448.0,21
2449.0,6
2450.0,12
2451.0,11
2452.0,12
2453.0,2
2454.0,44
2455.0,9
2456.0,5
2457.0,15
2458.0,6
2459.0,22
2460.0,13
2461.0,4
2462.0,17
2463.0,7
2464.0,6
2465.0,6
2466.0,8
2467.0,7
2468.0,18
2469.0,25
2470.0,19
2471.0,27
2472.0,6
2473.0,11
2474.0,18
2475.0,7
2476.0,10
2477.0,8
2478.0,16
2479.0,14
2480.0,17
2481.0,27
2482.0,34
2483.0,17
2484.0,20
2485.0,14
2486.0,14
2487.0,11
2488.0,49
2489.0,31
2490.0,52
2491.0,18
2492.0,9
2493.0,16
2494.0,12
2495.0,10
2496.0,14
2497.0,9
2498.0,14
2499.0,21
2500.0,27
2501.0,31
2502.0,10
2503.0,48
2504.0,18
2505.0,14
2506.0,28
2507.0,21
2508.0,19
2509.0,11
2510.0,26
2511.0,22
2512.0,24
2513.0,15
2514.0,11
2515.0,6
2516.0,16
2517.0,5
2518.0,17
2519.0,5
2520.0,9
2521.0,6
2522.0,12
2523.0,9
2524.0,11
2525.0,14
2526.0,9
2527.0,10
2528.0,11
2529.0,17
2530.0,17
2531.0,22
2532.0,11
2533.0,19
2534.0,25
2535.0,16
2536.0,16
2537.0,23
2538.0,24
2539.0,11
2540.0,17
2541.0,13
2542.0,15
2543.0,13
2544.0,8
2545.0,10
2546.0,28
2547.0,11
2548.0,42
2549.0,22
2550.0,25
2551.0,33
2552.0,2
2553.0,6
2554.0,12
2555.0,21
2556.0,22
2557.0,24
2558.0,24
2559.0,25
2560.0,15
2561.0,35
2562.0,22
2563.0,17
2564.0,26
2565.0,29
2566.0,10
2567.0,15
2568.0,34
2569.0,11
2570.0,28
2571.0,14
2572.0,21
2573.0,14
2574.0,24
2575.0,27
2576.0,15
2577.0,7
2578.0,15
2579.0,31
2580.0,17
2581.0,17
2582.0,43
2583.0,28
2584.0,29
2585.0,19
2586.0,27
2587.0,10
2588.0,20
2589.0,11
2590.0,14
2591.0,24
2592.0,17
2593.0,24
2594.0,19
2595.0,25
2596.0,41
2597.0,14
2598.0,15
2599.0,18
2600.0,17
2601.0,16
2602.0,17
2603.0,13
2604.0,18
2605.0,21
2606.0,21
2607.0,17
2608.0,30
2609.0,22
2610.0,12
2611.0,12
2612.0,6
2613.0,4
2614.0,9
2615.0,17
2616.0,8
2617.0,8
2618.0,9
2619.0,13
2620.0,13
2621.0,24
2622.0,17
2623.0,29
2624.0,11
2625.0,12
2626.0,26
2627.0,16
2628.0,22
2629.0,5
2630.0,16
2631.0,6
2632.0,14
2633.0,7
2634.0,11
2635.0,15
2636.0,13
2637.0,3
2638.0,13
2639.0,12
2640.0,16
2641.0,18
2642.0,34
2643.0,12
2644.0,10
2645.0,10
2646.0,10
2647.0,10
2648.0,21
2649.0,14
2650.0,27
2651.0,12
2652.0,31
2653.0,23
2654.0,19
2655.0,15
2656.0,18
2657.0,14
2658.0,9
2659.0,27
2660.0,21
2661.0,21
2662.0,9
2663.0,21
2664.0,21
2665.0,25
2666.0,29
2667.0,44
2668.0,13
2669.0,32
2670.0,18
2671.0,21
2672.0,37
2673.0,17
2674.0,16
2675.0,31
2676.0,18
2677.0,24
2678.0,31
2679.0,25
2680.0,13
2681.0,22
2682.0,16
2683.0,22
2684.0,29
2685.0,32
2686.0,17
2687.0,26
2688.0,10
2689.0,15
2690.0,28
2691.0,16
2692.0,24
2693.0,11
2694.0,22
2695.0,22
2696.0,14
2697.0,32
2698.0,10
2699.0,33
2700.0,24
2701.0,13
2702.0,22
2703.0,18
2704.0,31
2705.0,9
2706.0,19
2707.0,25
2708.0,4
2709.0,10
2710.0,13
2711.0,20
2712.0,19
2713.0,30
2714.0,20
2715.0,26
2716.0,12
2717.0,22
2718.0,6
2719.0,14
2720.0,31
2721.0,16
2722.0,19
2723.0,11
2724.0,10
2725.0,33
2726.0,27
2727.0,11
2728.0,30
2729.0,9
2730.0,21
2731.0,22
2732.0,12
2733.0,14
2734.0,23
2735.0,27
2736.0,22
2737.0,25
2738.0,29
2739.0,17
2740.0,15
2741.0,23
2742.0,24
2743.0,29
2744.0,26
2745.0,58
2746.0,15
2747.0,27
2748.0,17
2749.0,22
2750.0,26
2751.0,23
2752.0,13
2753.0,17
2754.0,19
2755.0,20
2756.0,5
2757.0,6
2758.0,27
2759.0,10
2760.0,30
2761.0,28
2762.0,30
2763.0,15
2764.0,18
2765.0,27
2766.0,31
2767.0,13
2768.0,15
2769.0,32
2770.0,15
2771.0,13
2772.0,12
2773.0,10
2774.0,8
2775.0,16
2776.0,37
2777.0,4
2778.0,5
2779.0,35
2780.0,35
2781.0,10
2782.0,32
2783.0,7
2784.0,18
2785.0,9
2786.0,5
2787.0,6
2788.0,71
2789.0,8
2790.0,22
2791.0,18
2792.0,11
2793.0,1
2794.0,18
2795.0,20
2796.0,15
2797.0,9
2798.0,37
2799.0,20
2800.0,17
2801.0,35
2802.0,13
2803.0,22
2804.0,20
2805.0,17
2806.0,12
2807.0,3
2808.0,3
2809.0,5
2810.0,10
2811.0,72
2812.0,19
2813.0,9
2814.0,21
2815.0,18
2816.0,13
2817.0,2
2818.0,6
2819.0,6
2820.0,46
2821.0,9
2822.0,29
2823.0,25
2824.0,23
2825.0,11
2826.0,20
2827.0,6
2828.0,11
2829.0,6
2830.0,8
2831.0,56
2832.0,17
2833.0,3
2834.0,18
2835.0,36
2836.0,15
2837.0,15
2838.0,7
2839.0,9
2840.0,25
2841.0,16
2842.0,15
2843.0,18
2844.0,15
2845.0,32
2846.0,7
2847.0,13
2848.0,28
2849.0,3
2850.0,29
2851.0,12
2852.0,10
2853.0,10
2854.0,11
2855.0,16
2856.0,14
2857.0,12
2858.0,10
2859.0,17
2860.0,13
2861.0,4
2862.0,43
2863.0,8
2864.0,57
2865.0,9
2866.0,12
2867.0,13
2868.0,3
2869.0,13
2870.0,24
2871.0,13
2872.0,15
2873.0,13
2874.0,12
2875.0,8
2876.0,11
2877.0,13
2878.0,6
2879.0,16
2880.0,11
2881.0,36
2882.0,21
2883.0,10
2884.0,11
2885.0,6
2886.0,9
2887.0,32
2888.0,3
2889.0,14
2890.0,24
2891.0,9
2892.0,6
2893.0,1
2894.0,37
2895.0,20
2896.0,23
2897.0,4
2898.0,12
2899.0,15
2900.0,15
2901.0,19
2902.0,10
2903.0,9
2904.0,11
2905.0,8
2906.0,3
2907.0,6
2908.0,47
2909.0,7
2910.0,20
2911.0,27
2912.0,13
2913.0,3
2914.0,3
2915.0,3
2916.0,46
2917.0,18
2918.0,22
2919.0,6
2920.0,15
2921.0,11
2922.0,10
2923.0,13
2924.0,9
2925.0,12
2926.0,13
2927.0,21
2928.0,13
2929.0,6
2930.0,19
2931.0,11
2932.0,10
2933.0,5
2934.0,18
2935.0,12
2936.0,11
2937.0,10
2938.0,34
2939.0,6
2940.0,16
2941.0,7
2942.0,12
2943.0,9
2944.0,9
2945.0,7
2946.0,5
2947.0,12
2948.0,27
2950.0,9
2951.0,7
2952.0,32
2953.0,14
2954.0,26
2955.0,26
2956.0,11
2957.0,24
2958.0,11
2959.0,13
2960.0,10
2961.0,13
2962.0,8
2963.0,13
2964.0,12
2965.0,13
2966.0,9
2967.0,11
2968.0,3
2969.0,12
2970.0,19
2971.0,41
2972.0,7
2973.0,13
2974.0,13
2975.0,11
2976.0,9
2977.0,14
2978.0,23
2979.0,12
2980.0,20
2981.0,22
2982.0,14
2983.0,16
2984.0,16
2985.0,17
2986.0,42
2987.0,9
2988.0,17
2989.0,11
2990.0,26
2991.0,28
2992.0,31
2993.0,17
2994.0,22
2995.0,8
2996.0,24
2997.0,8
2998.0,14
2999.0,23
3000.0,17
3001.0,10
3002.0,17
3003.0,12
3004.0,20
3005.0,14
3006.0,25
3007.0,15
3008.0,14
3009.0,13
3010.0,14
3011.0,31
3012.0,19
3013.0,10
3014.0,18
3015.0,13
3016.0,33
3017.0,29
3018.0,7
3019.0,12
3020.0,22
3021.0,22
3022.0,37
3023.0,15
3024.0,19
3025.0,17
3026.0,21
3027.0,21
3028.0,48
3029.0,25
3030.0,35
3031.0,18
3032.0,25
3033.0,12
3034.0,26
3035.0,19
3036.0,17
3037.0,13
3038.0,17
3039.0,8
3040.0,20
3041.0,11
3042.0,10
3043.0,16
3044.0,6
3045.0,12
3046.0,6
3047.0,7
3048.0,11
3049.0,6
3050.0,8
3051.0,17
3052.0,5
3053.0,5
3054.0,4
3055.0,22
3056.0,11
3057.0,8
3058.0,14
3059.0,6
3060.0,11
3061.0,9
3062.0,12
3063.0,4
3064.0,9
3065.0,9
3066.0,11
3067.0,15
3068.0,7
3069.0,9
3070.0,16
3071.0,9
3072.0,14
3073.0,2
3074.0,11
3075.0,12
3076.0,5
3077.0,6
3078.0,9
3079.0,9
3080.0,20
3081.0,10
3082.0,10
3083.0,9
3084.0,20
3085.0,12
3086.0,10
3087.0,18
3088.0,33
3089.0,6
3090.0,17
3091.0,26
3092.0,8
3093.0,7
3094.0,10
3095.0,16
3096.0,23
3097.0,9
3098.0,8
3099.0,11
3100.0,27
3101.0,16
3102.0,48
3103.0,33
3104.0,27
3105.0,3
3106.0,23
3107.0,9
3108.0,10
3109.0,3
3110.0,20
3111.0,7
3112.0,5
3113.0,10
3114.0,15
3115.0,8
3116.0,12
3117.0,2
3118.0,9
3119.0,9
3120.0,13
3121.0,8
3122.0,6
3123.0,2
3124.0,3
3125.0,3
3126.0,14
3127.0,25
3128.0,10
3129.0,1
3130.0,8
3131.0,5
3132.0,14
3133.0,9
3134.0,17
3135.0,10
3136.0,13
3137.0,5
3138.0,7
3139.0,16
3140.0,25
3141.0,15
3142.0,10
3143.0,10
3144.0,6
3145.0,11
3146.0,12
3147.0,18
3148.0,22
3149.0,9
3150.0,14
3151.0,11
3152.0,8
3153.0,6
3154.0,21
3155.0,13
3156.0,26
3157.0,9
3158.0,19
3159.0,21
3160.0,14
3161.0,13
3162.0,31
3163.0,6
3164.0,11
3165.0,6
3166.0,12
3167.0,6
3168.0,12
3169.0,8
3170.0,19
3171.0,8
3172.0,7
3173.0,10
3174.0,5
3175.0,10
3176.0,15
3177.0,9
3178.0,4
3179.0,4
3180.0,6
3181.0,9
3182.0,19
3183.0,8
3184.0,11
3185.0,14
3186.0,14
3187.0,13
3188.0,12
3189.0,12
3190.0,5
3191.0,22
3192.0,13
3193.0,15
3194.0,8
3195.0,34
3196.0,12
3197.0,43
3198.0,26
3199.0,24
3200.0,16
3201.0,21
3202.0,11
3203.0,9
3204.0,7
3205.0,5
3206.0,67
3207.0,23
3208.0,26
3209.0,12
3210.0,11
3211.0,19
3212.0,39
3213.0,3
3214.0,11
3215.0,14
3216.0,8
3217.0,3
3218.0,11
3219.0,26
3220.0,15
3221.0,16
3222.0,19
3223.0,48
3224.0,13
3225.0,15
3226.0,25
3227.0,29
3228.0,25
3229.0,4
3230.0,37
3231.0,9
3232.0,15
3233.0,19
3234.0,16
3235.0,29
3236.0,19
3237.0,39
3238.0,6
3239.0,4
3240.0,20
3241.0,25
3242.0,56
3243.0,11
3244.0,17
3245.0,18
3246.0,24
3247.0,17
3248.0,15
3249.0,13
3250.0,8
3251.0,16
3252.0,10
3253.0,21
3254.0,11
3255.0,10
3256.0,24
3257.0,19
3258.0,42
3259.0,4
3260.0,16
3261.0,18
3262.0,28
3263.0,13
3264.0,23
3265.0,8
3266.0,8
3267.0,26
3268.0,17
3269.0,11
3270.0,9
3271.0,16
3272.0,10
3273.0,5
3274.0,3
3275.0,13
3276.0,14
3277.0,5
3278.0,10
3279.0,13
3280.0,32
3281.0,23
3282.0,19
3283.0,7
3284.0,8
3285.0,7
3286.0,20
3287.0,14
3288.0,7
3289.0,3
3290.0,11
3291.0,20
3292.0,8
3293.0,17
3294.0,21
3295.0,7
3296.0,16
3297.0,7
3298.0,5
3299.0,6
3300.0,13
3301.0,9
3302.0,11
3303.0,12
3304.0,8
3305.0,14
3306.0,15
3307.0,9
3308.0,9
3309.0,10
3310.0,17
3311.0,14
3312.0,12
3313.0,7
3314.0,19
3315.0,3
3316.0,15
3317.0,12
3318.0,9
3319.0,3
3320.0,8
3321.0,16
3322.0,11
3323.0,14
3324.0,11
3325.0,16
3326.0,10
3327.0,15
3328.0,27
3329.0,12
3330.0,12
3331.0,13
3332.0,8
3333.0,8
3334.0,12
3335.0,8
3336.0,19
3337.0,12
3338.0,11
3339.0,16
3340.0,18
3341.0,19
3342.0,16
3343.0,19
3344.0,10
3345.0,8
3346.0,7
3347.0,6
3348.0,22
3349.0,32
3350.0,16
3351.0,9
3352.0,5
3353.0,5
3354.0,11
3355.0,7
3356.0,14
3357.0,9
3358.0,2
3359.0,12
3360.0,7
3361.0,9
3362.0,29
3363.0,9
3364.0,11
3365.0,13
3366.0,10
3367.0,13
3368.0,17
3369.0,13
3370.0,22
3371.0,24
3372.0,9
3373.0,16
3374.0,9
3375.0,26
3376.0,9
3377.0,15
3378.0,26
3379.0,12
3380.0,15
3381.0,8
3382.0,27
3383.0,22
3384.0,11
3385.0,21
3386.0,24
3387.0,16
3388.0,26
3389.0,8
3390.0,13
3391.0,10
3392.0,9
3393.0,8
3394.0,21
3395.0,11
3396.0,11
3397.0,23
3398.0,10
3399.0,10
3400.0,11
3401.0,20
3402.0,7
3403.0,4
3404.0,4
3405.0,10
3406.0,9
3407.0,5
3408.0,5
3409.0,10
3410.0,17
3411.0,9
3412.0,5
3413.0,8
3414.0,9
3415.0,6
3416.0,12
3417.0,9
3418.0,8
3419.0,1
3420.0,12
3421.0,9
3422.0,9
3423.0,6
3424.0,24
3425.0,11
3426.0,13
3427.0,2
3428.0,20
3429.0,6
3430.0,24
3431.0,9
3432.0,65
3433.0,6
3434.0,55
3435.0,49
3436.0,47
3437.0,57
3438.0,68
3439.0,36
3440.0,64
3441.0,51
3442.0,31
3443.0,15
3444.0,11
3445.0,26
3446.0,15
3447.0,17
3448.0,32
3449.0,9
3450.0,20
3451.0,15
3452.0,18
3453.0,4
3454.0,18
3455.0,14
3456.0,3
3457.0,21
3458.0,18
3459.0,5
3460.0,31
3461.0,13
3462.0,12
3463.0,1
3464.0,2
3465.0,5
3466.0,55
3467.0,13
3468.0,11
3469.0,21
3470.0,15
3471.0,10
3472.0,8
3473.0,3
3474.0,8
3475.0,5
3476.0,20
3477.0,10
3478.0,15
3479.0,4
3480.0,17
3481.0,15
3482.0,12
3483.0,6
3484.0,3
3485.0,17
3486.0,22
3487.0,32
3488.0,22
3489.0,16
3490.0,33
3491.0,17
3492.0,5
3493.0,12
3494.0,13
3495.0,11
3496.0,14
3497.0,6
3498.0,8
3499.0,9
3500.0,39
3501.0,15
3502.0,26
3503.0,5
3504.0,23
3505.0,17
3506.0,14
3507.0,18
3508.0,23
3509.0,7
3510.0,27
3511.0,13
3512.0,11
3513.0,15
3514.0,13
3515.0,15
3516.0,8
3517.0,3
3518.0,12
3519.0,16
3520.0,25
3521.0,12
3522.0,15
3523.0,13
3524.0,6
3525.0,15
3526.0,7
3527.0,14
3528.0,11
3529.0,2
3530.0,14
3531.0,3
3532.0,24
3533.0,7
3534.0,19
3535.0,18
3536.0,6
3537.0,6
3538.0,15
3539.0,11
3540.0,12
3541.0,19
3542.0,7
3543.0,12
3544.0,21
3545.0,10
3546.0,18
3547.0,5
3548.0,19
3549.0,11
3550.0,32
3551.0,7
3552.0,8
3553.0,6
3554.0,24
3555.0,13
3556.0,14
3557.0,18
3558.0,15
3559.0,18
3560.0,25
3561.0,13
3562.0,6
3563.0,15
3564.0,19
3565.0,16
3566.0,12
3567.0,11
3568.0,22
3569.0,2
3570.0,21
3571.0,12
3572.0,13
3573.0,5
3574.0,4
3575.0,9
3576.0,4
3577.0,6
3578.0,18
3579.0,12
3580.0,16
3581.0,14
3582.0,24
3583.0,32
3584.0,2
3585.0,4
3586.0,15
3587.0,9
3588.0,5
3589.0,6
3590.0,12
3591.0,5
3592.0,2
3593.0,4
3594.0,13
3595.0,34
3596.0,8
3597.0,18
3598.0,8
3599.0,7
3600.0,11
3601.0,15
3602.0,10
3603.0,18
3604.0,2
3605.0,9
3606.0,14
3607.0,8
3608.0,8
3609.0,7
3610.0,34
3611.0,16
3612.0,14
3613.0,11
3614.0,14
3615.0,23
3616.0,31
3617.0,30
3618.0,23
3619.0,31
3620.0,19
3621.0,18
3622.0,17
3623.0,17
3624.0,9
3625.0,19
3626.0,21
3627.0,17
3628.0,31
3629.0,22
3630.0,11
3631.0,26
3632.0,12
3633.0,15
3634.0,19
3635.0,10
3636.0,12
3637.0,7
3638.0,13
3639.0,7
3640.0,21
3641.0,2
3642.0,13
3643.0,12
3644.0,10
3645.0,2
3646.0,10
3647.0,14
3648.0,8
3649.0,43
3650.0,11
3651.0,8
3652.0,12
3653.0,3
3654.0,8
3655.0,12
3656.0,3
3657.0,5
3658.0,7
3659.0,5
3660.0,8
3661.0,6
3662.0,18
3663.0,7
3664.0,3
3665.0,13
3666.0,14
3667.0,4
3668.0,17
3669.0,9
3670.0,13
3671.0,10
3672.0,11
3673.0,5
3674.0,15
3675.0,27
3676.0,13
3677.0,4
3678.0,6
3679.0,10
3680.0,19
3681.0,5
3682.0,9
3683.0,6
3684.0,10
3685.0,9
3686.0,19
3687.0,13
3688.0,27
3689.0,7
3690.0,9
3691.0,13
3692.0,9
3693.0,8
3694.0,12
3695.0,4
3696.0,13
3697.0,8
3698.0,16
3699.0,30
3700.0,19
3701.0,17
3702.0,30
3703.0,30
3704.0,7
3705.0,28
3706.0,16
3707.0,6
3708.0,8
3709.0,1
3710.0,32
3711.0,26
3712.0,8
3713.0,25
3714.0,8
3715.0,23
3716.0,14
3717.0,9
3718.0,12
3719.0,17
3720.0,10
3721.0,27
3722.0,16
3723.0,9
3724.0,19
3725.0,13
3726.0,39
3727.0,11
3728.0,38
3729.0,7
3730.0,12
3731.0,26
3732.0,11
3733.0,16
3734.0,8
3735.0,27
3736.0,18
3737.0,11
3738.0,9
3739.0,20
3740.0,21
3741.0,20
3742.0,14
3743.0,23
3744.0,12
3745.0,21
3746.0,10
3747.0,12
3748.0,20
3749.0,4
3750.0,20
3751.0,10
3752.0,15
3753.0,13
3754.0,14
3755.0,11
3756.0,11
3757.0,12
3758.0,10
3759.0,10
3760.0,23
3761.0,9
3762.0,7
3763.0,8
3764.0,5
3765.0,8
3766.0,8
3767.0,12
3768.0,16
3769.0,12
3770.0,10
3771.0,11
3772.0,9
3773.0,6
3774.0,7
3775.0,11
3776.0,4
3777.0,4
3778.0,9
3779.0,10
3780.0,11
3781.0,4
3782.0,7
3783.0,3
3784.0,12
3785.0,13
3786.0,4
3787.0,18
3788.0,18
3789.0,5
3790.0,17
3791.0,24
3792.0,13
3793.0,11
3794.0,2
3795.0,22
3796.0,25
3797.0,17
3798.0,20
3799.0,21
3800.0,36
3801.0,23
3802.0,30
3803.0,19
3804.0,20
3805.0,27
3806.0,9
3807.0,28
3808.0,47
3809.0,19
3810.0,31
3811.0,41
3812.0,14
3813.0,15
3814.0,18
3815.0,10
3816.0,20
3817.0,24
3818.0,16
3819.0,21
3820.0,35
3821.0,26
3822.0,40
3823.0,14
3824.0,3
3825.0,17
3826.0,5
3827.0,2
3828.0,19
3829.0,16
3830.0,15
3831.0,18
3832.0,11
3833.0,29
3834.0,19
3835.0,18
3836.0,15
3837.0,11
3838.0,21
3839.0,6
3840.0,20
3841.0,15
3842.0,4
3843.0,12
3844.0,11
3845.0,21
3846.0,26
3847.0,15
3848.0,7
3849.0,8
3850.0,10
3851.0,28
3852.0,9
3853.0,14
3854.0,9
3855.0,17
3856.0,12
3857.0,11
3858.0,20
3859.0,8
3860.0,15
3861.0,7
3862.0,5
3863.0,14
3864.0,4
3865.0,16
3866.0,1
3867.0,11
3868.0,17
3869.0,12
3870.0,37
3871.0,15
3872.0,10
3873.0,32
3874.0,6
3875.0,12
3876.0,13
3877.0,11
3878.0,8
3879.0,14
3880.0,24
3881.0,17
3882.0,10
3883.0,9
3884.0,7
3885.0,8
3886.0,8
3887.0,13
3888.0,21
3889.0,23
3890.0,14
3891.0,36
3892.0,5
3893.0,17
3894.0,17
3895.0,22
3896.0,19
3897.0,21
3898.0,12
3899.0,15
3900.0,19
3901.0,19
3902.0,28
3903.0,14
3904.0,18
3905.0,20
3906.0,14
3907.0,9
3908.0,20
3909.0,13
3910.0,24
3911.0,34
3912.0,18
3913.0,14
3914.0,25
3915.0,27
3916.0,28
3917.0,23
3918.0,7
3919.0,19
3920.0,17
3921.0,3
3922.0,7
3923.0,11
3924.0,17
3925.0,9
3926.0,16
3927.0,14
3928.0,36
3929.0,17
3930.0,18
3931.0,7
3932.0,7
3933.0,2
3934.0,15
3935.0,6
3936.0,13
3937.0,11
3938.0,9
3939.0,10
3940.0,14
3941.0,16
3942.0,34
3943.0,23
3944.0,17
3945.0,17
3946.0,16
3947.0,3
3948.0,10
3949.0,13
3950.0,21
3951.0,13
3952.0,3
3953.0,2
3954.0,3
3955.0,6
3956.0,42
3957.0,19
3958.0,17
3959.0,3
3960.0,6
3961.0,16
3962.0,22
3963.0,18
3964.0,18
3965.0,13
3966.0,9
3967.0,14
3968.0,22
3969.0,14
3970.0,13
3971.0,31
3972.0,4
3973.0,10
3974.0,6
3975.0,38
3976.0,24
3977.0,11
3978.0,16
3979.0,20
3980.0,26
3981.0,14
3982.0,14
3983.0,11
3984.0,33
3985.0,40
3986.0,27
3987.0,28
3988.0,37
3989.0,17
3990.0,19
3991.0,16
3992.0,17
3993.0,10
3994.0,10
3995.0,25
3996.0,29
3997.0,8
3998.0,18
3999.0,21
4000.0,13
4001.0,21
4002.0,10
4003.0,5
4004.0,6
4005.0,7
4006.0,14
4007.0,20
4008.0,3
4009.0,20
4010.0,16
4011.0,15
4012.0,16
4013.0,9
4014.0,9
4015.0,8
4016.0,16
4017.0,23
4018.0,32
4019.0,14
4020.0,16
4021.0,10
4022.0,8
4023.0,12
4024.0,23
4025.0,17
4026.0,17
4027.0,5
4028.0,12
4029.0,16
4030.0,16
4031.0,19
4032.0,15
4033.0,24
4034.0,9
4035.0,16
4036.0,36
4037.0,16
4038.0,9
4039.0,18
4040.0,6
4041.0,6
4042.0,15
4043.0,15
4044.0,14
4045.0,15
4046.0,20
4047.0,15
4048.0,25
4049.0,10
4050.0,30
4051.0,6
4052.0,5
4053.0,13
4054.0,12
4055.0,7
4056.0,9
4057.0,11
4058.0,11
4059.0,9
4060.0,17
4061.0,21
4062.0,2
4063.0,34
4064.0,8
4065.0,5
4066.0,12
4067.0,17
4068.0,5
4069.0,8
4070.0,17
4071.0,6
4072.0,20
4073.0,12
4074.0,16
4075.0,14
4076.0,23
4077.0,13
4078.0,12
4079.0,16
4080.0,16
4081.0,13
4082.0,17
4083.0,32
4084.0,7
4085.0,17
4086.0,3
4087.0,15
4088.0,19
4089.0,13
4090.0,19
4091.0,18
4092.0,17
4093.0,6
4094.0,23
4095.0,21
4096.0,15
4097.0,15
4098.0,9
4099.0,14
4100.0,31
4101.0,13
4102.0,9
4103.0,17
4104.0,15
4105.0,14
4106.0,25
4107.0,20
4108.0,13
4109.0,10
4110.0,12
4111.0,13
4112.0,10
4113.0,2
4114.0,4
4115.0,8
4116.0,4
4117.0,3
4118.0,13
4119.0,13
4120.0,31
4121.0,27
4122.0,19
4123.0,23
4124.0,20
4125.0,12
4126.0,17
4127.0,45
4128.0,13
4129.0,16
4130.0,25
4131.0,23
4132.0,19
4133.0,28
4134.0,22
4135.0,10
4136.0,16
4137.0,25
4138.0,23
4139.0,26
4140.0,42
4141.0,12
4142.0,15
4143.0,15
4144.0,28
4145.0,19
4146.0,19
4147.0,21
4148.0,33
4149.0,19
4150.0,46
4151.0,23
4152.0,13
4153.0,14
4154.0,18
4155.0,24
4156.0,33
4157.0,39
4158.0,38
4159.0,8
4160.0,46
4161.0,27
4162.0,27
4163.0,22
4164.0,30
4165.0,29
4166.0,27
4167.0,26
4168.0,36
4169.0,17
4170.0,23
4171.0,32
4172.0,17
4173.0,15
4174.0,25
4175.0,26
4176.0,8
4177.0,17
4178.0,10
4179.0,10
4180.0,9
4181.0,31
4182.0,23
4183.0,13
4184.0,32
4185.0,15
4186.0,17
4187.0,10
4188.0,12
4189.0,20
4190.0,21
4191.0,6
4192.0,13
4193.0,32
4194.0,14
4195.0,19
4196.0,11
4197.0,7
4198.0,14
4199.0,15
4200.0,27
4201.0,17
4202.0,25
4203.0,8
4204.0,15
4205.0,21
4206.0,12
4207.0,8
4208.0,21
4209.0,13
4210.0,27
4211.0,18
4212.0,6
4213.0,9
4214.0,15
4215.0,10
4216.0,12
4217.0,14
4218.0,6
4219.0,36
4220.0,13
4221.0,22
4222.0,17
4223.0,23
4224.0,21
4225.0,32
4226.0,15
4227.0,13
4228.0,24
4229.0,37
4230.0,26
4231.0,32
4232.0,12
4233.0,22
4234.0,13
4235.0,25
4236.0,24
4237.0,8
4238.0,27
4239.0,19
4240.0,17
4241.0,11
4242.0,18
4243.0,5
4244.0,20
4245.0,17
4246.0,23
4247.0,30
4248.0,24
4249.0,19
4250.0,24
4251.0,17
4252.0,23
4253.0,17
4254.0,35
4255.0,27
4256.0,23
4257.0,30
4258.0,11
4259.0,26
4260.0,17
4261.0,13
4262.0,24
4263.0,17
4264.0,29
4265.0,32
4266.0,16
4267.0,29
4268.0,13
4269.0,22
4270.0,14
4271.0,28
4272.0,16
4273.0,15
4274.0,14
4275.0,28
4276.0,20
4277.0,18
4278.0,9
4279.0,12
4280.0,14
4281.0,11
4282.0,19
4283.0,13
4284.0,5
4285.0,17
4286.0,16
4287.0,14
4288.0,23
4289.0,9
4290.0,14
4291.0,20
4292.0,16
4293.0,4
4294.0,19
4295.0,9
4296.0,17
4297.0,9
4298.0,26
4299.0,6
4300.0,9
4301.0,36
4302.0,32
4303.0,30
4304.0,17
4305.0,17
4306.0,11
4307.0,23
4308.0,16
4309.0,23
4310.0,23
4311.0,10
4312.0,13
4313.0,13
4314.0,13
4315.0,12
4316.0,18
4317.0,29
4318.0,19
4319.0,21
4320.0,25
4321.0,14
4322.0,11
4323.0,20
4324.0,25
4325.0,11
4326.0,14
4327.0,29
4328.0,19
4329.0,23
4330.0,10
4331.0,26
4332.0,18
4333.0,24
4334.0,34
4335.0,22
4336.0,20
4337.0,22
4338.0,14
4339.0,33
4340.0,28
4341.0,24
4342.0,27
4343.0,6
4344.0,4
4345.0,9
4346.0,13
4347.0,13
4348.0,15
4349.0,41
4350.0,19
4351.0,16
4352.0,20
4353.0,14
4354.0,7
4355.0,11
4356.0,8
4357.0,16
4358.0,15
4359.0,9
4360.0,9
4361.0,11
4362.0,8
4363.0,2
4364.0,20
4365.0,14
4366.0,8
4367.0,22
4368.0,3
4369.0,48
4370.0,25
4371.0,16
4372.0,6
4373.0,11
4374.0,10
4375.0,14
4376.0,7
4377.0,12
4378.0,24
4379.0,13
4380.0,15
4381.0,9
4382.0,16
4383.0,7
4384.0,13
4385.0,23
4386.0,9
4387.0,13
4388.0,6
4389.0,21
4390.0,20
4391.0,32
4392.0,9
4393.0,23
4394.0,12
4395.0,18
4396.0,1
4397.0,27
4398.0,12
4399.0,22
4400.0,26
4401.0,14
4402.0,19
4403.0,27
4404.0,12
4405.0,10
4406.0,25
4407.0,19
4408.0,18
4409.0,17
4410.0,21
4411.0,17
4412.0,16
4413.0,11
4414.0,11
4415.0,19
4416.0,9
4417.0,15
4418.0,16
4419.0,24
4420.0,15
4421.0,45
4422.0,7
4423.0,61
4424.0,16
4425.0,29
4426.0,24
4427.0,22
4428.0,9
4429.0,19
4430.0,20
4431.0,36
4432.0,8
4433.0,18
4434.0,19
4435.0,38
4436.0,23
4437.0,17
4438.0,19
4439.0,22
4440.0,24
4441.0,8
4442.0,28
4443.0,12
4444.0,18
4445.0,29
4446.0,17
4447.0,17
4448.0,6
4449.0,28
4450.0,8
4451.0,27
4452.0,10
4453.0,14
4454.0,23
4455.0,2
4456.0,32
4457.0,13
4458.0,9
4459.0,10
4460.0,48
4461.0,19
4462.0,3
4463.0,45
4464.0,8
4465.0,27
4466.0,3
4467.0,24
4468.0,21
4469.0,12
4470.0,9
4471.0,17
4472.0,5
4473.0,1
4474.0,45
4475.0,6
4476.0,19
4477.0,1
4478.0,19
4479.0,3
4480.0,28
4481.0,3
4482.0,25
4483.0,7
4484.0,4
4485.0,15
4486.0,13
4487.0,25
4488.0,6
4489.0,5
4490.0,30
4491.0,2
4493.0,29
4494.0,4
4495.0,19
4496.0,17
4497.0,24
4498.0,14
4499.0,11
4500.0,15
4501.0,12
4502.0,10
4503.0,13
4504.0,16
4505.0,19
4506.0,10
4507.0,5
4508.0,22
4509.0,13
4510.0,28
4511.0,14
4512.0,4
4513.0,9
4514.0,18
4515.0,20
4516.0,14
4517.0,8
4518.0,12
4519.0,7
4520.0,20
4521.0,22
4522.0,9
4523.0,17
4524.0,8
4525.0,18
4526.0,7
4527.0,9
4528.0,21
4529.0,6
4530.0,13
4531.0,7
4532.0,5
4533.0,6
4534.0,12
4535.0,6
4536.0,2
4537.0,5
4538.0,11
4539.0,7
4540.0,27
4541.0,70
4542.0,42
4543.0,14
4544.0,11
4545.0,8
4546.0,8
4547.0,10
4548.0,9
4549.0,9
4550.0,18
4551.0,9
4552.0,12
4553.0,5
4554.0,7
4555.0,23
4556.0,3
4557.0,6
4558.0,23
4559.0,6
4560.0,14
4561.0,17
4562.0,7
4563.0,8
4564.0,8
4565.0,13
4566.0,13
4567.0,12
4568.0,10
4569.0,11
4570.0,30
4571.0,14
4572.0,13
4573.0,9
4574.0,19
4575.0,8
4576.0,23
4577.0,17
4578.0,9
4579.0,15
4580.0,23
4581.0,3
4582.0,16
4583.0,4
4584.0,7
4585.0,18
4586.0,20
4587.0,11
4588.0,29
4589.0,14
4590.0,26
4591.0,7
4592.0,11
4593.0,4
4594.0,10
4595.0,18
4596.0,19
4597.0,11
4598.0,15
4599.0,24
4600.0,23
4601.0,16
4602.0,20
4603.0,8
4604.0,13
4605.0,22
4606.0,8
4607.0,8
4608.0,21
4609.0,12
4610.0,18
4611.0,14
4612.0,12
4613.0,14
4614.0,12
4615.0,14
4616.0,29
4617.0,8
4618.0,5
4619.0,29
4620.0,20
4621.0,12
4622.0,18
4623.0,12
4624.0,11
4625.0,18
4626.0,5
4627.0,9
4628.0,7
4629.0,8
4630.0,13
4631.0,18
4632.0,20
4633.0,48
4634.0,26
4635.0,35
4636.0,20
4637.0,24
4638.0,33
4639.0,28
4640.0,25
4641.0,28
4642.0,23
4643.0,19
4644.0,3
4645.0,31
4646.0,4
4647.0,21
4648.0,43
4649.0,28
4650.0,38
4651.0,25
4652.0,29
4653.0,28
4654.0,20
4655.0,20
4656.0,16
4657.0,17
4658.0,69
4659.0,53
4660.0,26
4661.0,23
4662.0,44
4663.0,18
4664.0,17
4665.0,25
4666.0,24
4667.0,27
4668.0,20
4669.0,16
4670.0,23
4671.0,25
4672.0,16
4673.0,16
4674.0,19
4675.0,34
4676.0,20
4677.0,15
4678.0,22
4679.0,17
4680.0,25
4681.0,24
4682.0,24
4683.0,11
4684.0,9
4685.0,19
4686.0,11
4687.0,23
4688.0,15
4689.0,17
4690.0,24
4691.0,11
4692.0,6
4693.0,11
4694.0,14
4695.0,15
4696.0,10
4697.0,10
4698.0,29
4699.0,17
4700.0,27
4701.0,8
4702.0,11
4703.0,4
4704.0,1
4705.0,14
4706.0,7
4707.0,6
4708.0,21
4709.0,5
4710.0,14
4711.0,8
4712.0,3
4713.0,11
4714.0,17
4715.0,28
4716.0,17
4717.0,9
4718.0,19
4719.0,14
4720.0,23
4721.0,11
4722.0,16
4723.0,24
4724.0,10
4725.0,12
4726.0,20
4727.0,9
4728.0,16
4729.0,18
4730.0,27
4731.0,10
4732.0,9
4733.0,17
4734.0,3
4735.0,14
4736.0,19
4737.0,20
4738.0,1
4739.0,10
4740.0,16
4741.0,19
4742.0,21
4743.0,24
4744.0,11
4745.0,17
4746.0,16
4747.0,19
4748.0,8
4749.0,5
4750.0,30
4751.0,15
4752.0,7
4753.0,9
4754.0,7
4755.0,12
4756.0,19
4757.0,8
4758.0,21
4759.0,4
4760.0,13
4761.0,5
4762.0,4
4763.0,12
4764.0,6
4765.0,12
4766.0,13
4767.0,17
4768.0,19
4769.0,5
4770.0,27
4771.0,8
4772.0,19
4773.0,17
4774.0,11
4775.0,19
4776.0,15
4777.0,8
4778.0,23
4779.0,7
4780.0,14
4781.0,17
4782.0,32
4783.0,25
4784.0,34
4785.0,48
4786.0,20
4787.0,11
4788.0,11
4789.0,18
4790.0,19
4791.0,9
4792.0,12
4793.0,6
4794.0,13
4795.0,13
4796.0,5
4797.0,6
4798.0,10
4799.0,6
4800.0,8
4801.0,10
4802.0,11
4803.0,13
4804.0,20
4805.0,11
4806.0,12
4807.0,5
4808.0,8
4809.0,3
4810.0,27
4811.0,9
4812.0,15
4813.0,9
4814.0,27
4815.0,14
4816.0,21
4817.0,11
4818.0,14
4819.0,11
4820.0,17
4821.0,14
4822.0,8
4823.0,11
4824.0,5
4825.0,8
4826.0,5
4827.0,9
4828.0,11
4829.0,2
4830.0,15
4831.0,7
4832.0,11
4833.0,8
4834.0,15
4835.0,10
4836.0,16
4837.0,6
4838.0,11
4839.0,10
4840.0,13
4841.0,8
4842.0,12
4843.0,4
4844.0,3
4845.0,14
4846.0,12
4847.0,2
4848.0,9
4849.0,14
4850.0,21
4851.0,15
4852.0,11
4853.0,20
4854.0,12
4855.0,6
4856.0,17
4857.0,16
4858.0,7
4859.0,5
4860.0,8
4861.0,14
4862.0,10
4863.0,3
4864.0,10
4865.0,17
4866.0,11
4867.0,9
4868.0,7
4869.0,16
4870.0,11
4871.0,5
4872.0,21
4873.0,3
4874.0,3
4875.0,9
4876.0,89
4877.0,11
4878.0,61
4879.0,64
4880.0,53
4881.0,67
4882.0,48
4883.0,49
4884.0,36
4885.0,22
4886.0,5
4887.0,15
4888.0,23
4889.0,10
4890.0,10
4891.0,9
4892.0,8
4893.0,5
4894.0,11
4895.0,14
4896.0,2
4897.0,8
4898.0,5
4899.0,20
4900.0,13
4901.0,17
4902.0,37
4903.0,8
4904.0,9
4905.0,8
4906.0,11
4907.0,9
4908.0,7
4909.0,4
4910.0,13
4911.0,8
4912.0,3
4913.0,8
4914.0,11
4915.0,9
4916.0,11
4917.0,9
4918.0,12
4919.0,6
4920.0,12
4921.0,5
4922.0,15
4923.0,12
4924.0,10
4925.0,8
4926.0,13
4927.0,2
4928.0,7
4929.0,5
4930.0,16
4931.0,14
4932.0,11
4933.0,5
4934.0,8
4935.0,19
4936.0,4
4937.0,8
4938.0,16
4939.0,8
4940.0,22
4941.0,18
4942.0,11
4943.0,11
4944.0,10
4945.0,12
4946.0,11
4947.0,16
4948.0,13
4949.0,8
4950.0,15
4951.0,14
4952.0,11
4953.0,10
4954.0,17
4955.0,9
4956.0,8
4957.0,6
4958.0,8
4959.0,7
4960.0,5
4961.0,30
4962.0,28
4963.0,27
4964.0,10
4965.0,11
4966.0,6
4967.0,12
4968.0,9
4969.0,15
4970.0,19
4971.0,27
4972.0,11
4973.0,11
4974.0,4
4975.0,10
4976.0,6
4977.0,13
4978.0,15
4979.0,6
4980.0,16
4981.0,10
4982.0,11
4983.0,11
4984.0,5
4985.0,6
4986.0,2
4987.0,11
4988.0,4
4989.0,10
4990.0,18
4991.0,12
4992.0,6
4993.0,5
4994.0,6
4995.0,15
4996.0,5
4997.0,3
4998.0,9
4999.0,13
5000.0,4
5001.0,14
5002.0,7
5003.0,18
5004.0,10
5005.0,13
5006.0,2
5007.0,7
5008.0,16
5009.0,12
5010.0,16
5011.0,3
5012.0,7
5013.0,12
5014.0,4
5015.0,12
5016.0,8
5017.0,6
5018.0,11
5019.0,4
5020.0,15
5021.0,22
5022.0,27
5023.0,8
5024.0,2
5025.0,21
5026.0,15
5027.0,3
5028.0,11
5029.0,8
5030.0,16
5031.0,13
5032.0,7
5033.0,6
5034.0,17
5035.0,8
5036.0,17
5037.0,23
5038.0,14
5039.0,13
5040.0,36
5041.0,14
5042.0,10
5043.0,7
5044.0,24
5045.0,21
5046.0,14
5047.0,3
5048.0,6
5049.0,16
5050.0,16
5051.0,9
5052.0,8
5053.0,10
5054.0,23
5055.0,7
5056.0,16
5057.0,18
5058.0,12
5059.0,34
5060.0,16
5061.0,12
5062.0,20
5063.0,6
5064.0,6
5065.0,13
5066.0,6
5067.0,13
5068.0,17
5069.0,9
5070.0,10
5071.0,6
5072.0,17
5073.0,23
5074.0,9
5075.0,14
5076.0,7
5077.0,3
5078.0,11
5079.0,13
5080.0,22
5081.0,5
5082.0,4
5083.0,11
5084.0,8
5085.0,12
5086.0,5
5087.0,4
5088.0,6
5089.0,9
5090.0,10
5091.0,17
5092.0,12
5093.0,10
5094.0,3
5095.0,13
5096.0,11
5097.0,11
5098.0,7
5099.0,19
5100.0,10
5101.0,17
5102.0,21
5103.0,14
5104.0,4
5105.0,8
5106.0,9
5107.0,9
5108.0,19
5109.0,7
5110.0,16
5111.0,8
5112.0,7
5113.0,14
5114.0,15
5115.0,13
5116.0,21
5117.0,6
5118.0,10
5119.0,18
5120.0,20
5121.0,8
5122.0,8
5123.0,9
5124.0,18
5125.0,19
5126.0,12
5127.0,9
5128.0,23
5129.0,21
5130.0,29
5131.0,14
5132.0,19
5133.0,21
5134.0,18
5135.0,17
5136.0,17
5137.0,21
5138.0,20
5139.0,16
5140.0,43
5141.0,31
5142.0,35
5143.0,22
5144.0,24
5145.0,40
5146.0,22
5147.0,26
5148.0,12
5149.0,21
5150.0,18
5151.0,11
5152.0,26
5153.0,14
5154.0,12
5155.0,41
5156.0,11
5157.0,16
5158.0,22
5159.0,4
5160.0,21
5161.0,12
5162.0,15
5163.0,4
5164.0,13
5165.0,14
5166.0,16
5167.0,13
5168.0,11
5169.0,15
5170.0,29
5171.0,18
5172.0,17
5173.0,14
5174.0,13
5175.0,21
5176.0,18
5177.0,15
5178.0,20
5179.0,6
5180.0,27
5181.0,20
5182.0,25
5183.0,25
5184.0,13
5185.0,15
5186.0,32
5187.0,19
5188.0,18
5189.0,18
5190.0,18
5191.0,5
5192.0,15
5193.0,16
5194.0,20
5195.0,13
5196.0,18
5197.0,19
5198.0,7
5199.0,20
5200.0,25
5201.0,21
5202.0,5
5203.0,2
5204.0,33
5205.0,27
5206.0,9
5207.0,19
5208.0,15
5209.0,12
5210.0,10
5211.0,10
5212.0,23
5213.0,6
5214.0,15
5215.0,12
5216.0,31
5217.0,10
5218.0,13
5219.0,4
5220.0,23
5221.0,13
5222.0,16
5223.0,12
5224.0,4
5225.0,6
5226.0,3
5227.0,10
5228.0,8
5229.0,8
5230.0,23
5231.0,5
5232.0,6
5233.0,16
5234.0,23
5235.0,24
5236.0,18
5237.0,8
5238.0,8
5239.0,10
5240.0,24
5241.0,11
5242.0,16
5243.0,22
5244.0,11
5245.0,5
5246.0,20
5247.0,4
5248.0,21
5249.0,16
5250.0,11
5251.0,19
5252.0,7
5253.0,8
5254.0,4
5255.0,17
5256.0,10
5257.0,3
5258.0,9
5259.0,2
5260.0,18
5261.0,5
5262.0,32
5263.0,8
5264.0,21
5265.0,20
5266.0,11
5267.0,2
5268.0,2
5269.0,10
5270.0,14
5271.0,6
5272.0,7
5273.0,9
5274.0,9
5275.0,13
5276.0,8
5277.0,18
5278.0,15
5279.0,4
5280.0,27
5281.0,22
5282.0,15
5283.0,7
5284.0,6
5285.0,11
5286.0,3
5287.0,8
5288.0,7
5289.0,4
5290.0,15
5291.0,16
5292.0,11
5293.0,2
5294.0,11
5295.0,11
5296.0,29
5297.0,14
5298.0,7
5299.0,14
5300.0,32
5301.0,14
5302.0,5
5303.0,14
5305.0,10
5306.0,23
5307.0,6
5308.0,15
5309.0,80
5310.0,11
5311.0,31
5312.0,3
5313.0,39
5314.0,22
5315.0,22
5316.0,23
5317.0,18
5318.0,12
5319.0,12
5320.0,25
5321.0,5
5322.0,28
5323.0,8
5324.0,21
5325.0,19
5326.0,20
5327.0,14
5328.0,12
5329.0,18
5330.0,10
5331.0,7
5332.0,21
5333.0,13
5334.0,19
5335.0,23
5336.0,24
5337.0,13
5338.0,13
5339.0,8
5340.0,13
5341.0,9
5342.0,15
5343.0,10
5344.0,19
5345.0,3
5346.0,9
5347.0,20
5348.0,8
5349.0,14
5350.0,25
5351.0,26
5352.0,10
5353.0,7
5354.0,21
5355.0,20
5356.0,29
5357.0,9
5358.0,20
5359.0,24
5360.0,10
5361.0,19
5362.0,25
5363.0,8
5364.0,16
5365.0,14
5366.0,20
5367.0,11
5368.0,46
5369.0,27
5370.0,22
5371.0,12
5372.0,25
5373.0,11
5374.0,8
5375.0,9
5376.0,10
5377.0,19
5378.0,7
5379.0,28
5380.0,22
5381.0,24
5382.0,11
5383.0,24
5384.0,12
5385.0,17
5386.0,18
5387.0,10
5388.0,18
5389.0,16
5390.0,10
5391.0,34
5392.0,7
5393.0,7
5394.0,18
5395.0,25
5396.0,13
5397.0,7
5398.0,21
5399.0,18
5400.0,36
5401.0,4
5402.0,13
5403.0,18
5404.0,25
5405.0,23
5406.0,15
5407.0,19
5408.0,5
5409.0,11
5410.0,17
5411.0,23
5412.0,5
5413.0,7
5414.0,13
5415.0,30
5416.0,4
5417.0,22
5418.0,2
5419.0,14
5420.0,20
5421.0,27
5422.0,18
5423.0,17
5424.0,9
5425.0,15
5426.0,1
5427.0,26
5428.0,16
5429.0,9
5430.0,33
5431.0,6
5432.0,7
5433.0,24
5434.0,27
5435.0,11
5436.0,22
5437.0,17
5438.0,12
5439.0,11
5440.0,24
5441.0,6
5442.0,15
5443.0,19
5444.0,23
5445.0,7
5446.0,11
5447.0,29
5448.0,18
5449.0,5
5450.0,21
5451.0,16
5452.0,19
5453.0,13
5454.0,12
5455.0,16
5456.0,36
5457.0,20
5458.0,1
5459.0,23
5460.0,16
5461.0,15
5462.0,22
5463.0,15
5464.0,21
5465.0,22
5466.0,8
5467.0,13
5468.0,5
5469.0,14
5470.0,24
5471.0,15
5472.0,19
5473.0,13
5474.0,16
5475.0,47
5476.0,23
5477.0,16
5478.0,2
5479.0,11
5480.0,29
5481.0,19
5482.0,17
5483.0,13
5484.0,2
5485.0,13
5486.0,3
5487.0,8
5488.0,67
5489.0,19
5490.0,13
5491.0,13
5492.0,10
5493.0,9
5494.0,30
5495.0,30
5496.0,23
5497.0,9
5498.0,10
5499.0,16
5500.0,25
5501.0,21
5502.0,27
5503.0,14
5504.0,28
5505.0,11
5506.0,21
5507.0,13
5508.0,5
5509.0,12
5510.0,22
5511.0,13
5512.0,7
5513.0,13
5514.0,9
5515.0,29
5516.0,11
5517.0,5
5518.0,12
5519.0,6
5520.0,16
5521.0,10
5522.0,20
5523.0,13
5524.0,5
5525.0,11
5526.0,10
5527.0,30
5528.0,5
5529.0,9
5530.0,32
5531.0,19
5532.0,19
5533.0,10
5534.0,16
5535.0,10
5536.0,13
5537.0,28
5538.0,31
5539.0,3
5540.0,18
5541.0,8
5542.0,23
5543.0,28
5544.0,2
5545.0,22
5546.0,10
5547.0,21
5548.0,33
5549.0,41
5550.0,19
5551.0,23
5552.0,16
5553.0,23
5554.0,17
5555.0,18
5556.0,26
5557.0,8
5558.0,28
5559.0,27
5560.0,32
5561.0,17
5562.0,18
5563.0,12
5564.0,7
5565.0,32
5566.0,29
5567.0,13
5568.0,20
5569.0,14
5570.0,20
5571.0,23
5572.0,28
5573.0,10
5574.0,27
5575.0,28
5576.0,26
5577.0,24
5578.0,25
5579.0,14
5580.0,32
5581.0,17
5582.0,24
5583.0,30
5584.0,14
5585.0,17
5586.0,16
5587.0,4
5588.0,20
5589.0,26
5590.0,35
5591.0,16
5592.0,12
5593.0,20
5594.0,25
5595.0,39
5596.0,17
5597.0,14
5598.0,16
5599.0,18
5600.0,19
5601.0,23
5602.0,29
5603.0,20
5604.0,15
5605.0,21
5606.0,15
5607.0,19
5608.0,55
5609.0,16
5610.0,28
5611.0,11
5612.0,4
5613.0,11
5614.0,13
5615.0,17
5616.0,9
5617.0,4
5618.0,8
5619.0,26
5620.0,41
5621.0,35
5622.0,30
5623.0,15
5624.0,8
5625.0,20
5626.0,18
5627.0,21
5628.0,8
5629.0,7
5630.0,27
5631.0,7
5632.0,21
5633.0,8
5634.0,9
5635.0,22
5636.0,10
5637.0,8
5638.0,8
5639.0,16
5640.0,13
5641.0,21
5642.0,9
5643.0,20
5644.0,43
5645.0,7
5646.0,15
5647.0,22
5648.0,12
5649.0,10
5650.0,15
5651.0,9
5652.0,5
5653.0,15
5654.0,19
5655.0,26
5656.0,25
5657.0,14
5658.0,11
5659.0,15
5660.0,28
5661.0,12
5662.0,21
5663.0,6
5664.0,18
5665.0,11
5666.0,20
5667.0,29
5668.0,41
5669.0,14
5670.0,40
5671.0,30
5672.0,23
5673.0,19
5674.0,18
5675.0,22
5676.0,8
5677.0,7
5678.0,39
5679.0,19
5680.0,26
5681.0,24
5682.0,20
5683.0,13
5684.0,14
5685.0,16
5686.0,19
5687.0,16
5688.0,18
5689.0,14
5690.0,30
5691.0,24
5692.0,16
5693.0,15
5694.0,6
5695.0,14
5696.0,17
5697.0,15
5698.0,11
5699.0,7
5700.0,17
5701.0,4
5702.0,11
5703.0,18
5704.0,19
5705.0,15
5706.0,15
5707.0,17
5708.0,21
5709.0,9
5710.0,21
5711.0,13
5712.0,11
5713.0,7
5714.0,9
5715.0,29
5716.0,25
5717.0,14
5718.0,4
5719.0,7
5720.0,17
5721.0,6
5722.0,13
5723.0,14
5724.0,7
5725.0,30
5726.0,9
5727.0,16
5728.0,20
5729.0,16
5730.0,21
5731.0,9
5732.0,14
5733.0,12
5734.0,10
5735.0,15
5736.0,11
5737.0,11
5738.0,11
5739.0,8
5740.0,28
5741.0,21
5742.0,53
5743.0,8
5744.0,18
5745.0,13
5746.0,17
5747.0,6
5748.0,9
5749.0,6
5750.0,14
5751.0,10
5752.0,9
5753.0,14
5754.0,7
5755.0,28
5756.0,12
5757.0,11
5758.0,19
5759.0,11
5760.0,21
5761.0,21
5762.0,14
5763.0,4
5764.0,7
5765.0,14
5766.0,9
5767.0,7
5768.0,3
5769.0,4
5770.0,19
5771.0,20
5772.0,11
5773.0,8
5774.0,16
5775.0,21
5776.0,18
5777.0,7
5778.0,10
5779.0,14
5780.0,12
5781.0,14
5782.0,16
5783.0,8
5784.0,15
5785.0,11
5786.0,15
5787.0,21
5788.0,16
5789.0,17
5790.0,25
5791.0,12
5792.0,8
5793.0,18
5794.0,12
5795.0,12
5796.0,17
5797.0,2
5798.0,15
5799.0,22
5800.0,14
5801.0,5
5802.0,12
5803.0,5
5804.0,3
5805.0,13
5806.0,8
5807.0,6
5808.0,3
5809.0,13
5810.0,12
5811.0,12
5812.0,7
5813.0,2
5814.0,6
5815.0,18
5816.0,8
5817.0,13
5818.0,7
5819.0,12
5820.0,14
5821.0,21
5822.0,5
5823.0,6
5824.0,11
5825.0,21
5826.0,13
5827.0,11
5828.0,17
5829.0,10
5830.0,27
5831.0,6
5832.0,14
5833.0,14
5834.0,12
5835.0,18
5836.0,11
5837.0,13
5838.0,21
5839.0,10
5840.0,22
5841.0,16
5842.0,16
5843.0,20
5844.0,2
5845.0,13
5846.0,16
5847.0,17
5848.0,44
5849.0,15
5850.0,17
5851.0,12
5852.0,8
5853.0,14
5854.0,22
5855.0,19
5856.0,6
5857.0,10
5858.0,9
5859.0,16
5860.0,20
5861.0,17
5862.0,39
5863.0,9
5864.0,8
5865.0,9
5866.0,19
5867.0,14
5868.0,12
5869.0,2
5870.0,18
5871.0,11
5872.0,17
5873.0,8
5874.0,5
5875.0,22
5876.0,8
5877.0,12
5878.0,31
5879.0,23
5880.0,13
5881.0,20
5882.0,33
5883.0,19
5884.0,13
5885.0,32
5886.0,8
5887.0,12
5888.0,22
5889.0,24
5890.0,37
5891.0,25
5892.0,12
5893.0,15
5894.0,17
5895.0,15
5896.0,35
5897.0,27
5898.0,27
5899.0,20
5900.0,28
5901.0,29
5902.0,23
5903.0,21
5904.0,25
5905.0,32
5906.0,27
5907.0,8
5908.0,26
5909.0,23
5910.0,20
5911.0,11
5912.0,33
5913.0,18
5914.0,47
5915.0,69
5916.0,18
5917.0,25
5918.0,20
5919.0,13
5920.0,18
5921.0,14
5922.0,8
5923.0,12
5924.0,8
5925.0,5
5926.0,11
5927.0,12
5928.0,5
5929.0,11
5930.0,21
5931.0,7
5932.0,7
5933.0,3
5934.0,7
5935.0,13
5936.0,9
5937.0,8
5938.0,17
5939.0,5
5940.0,13
5941.0,2
5942.0,12
5943.0,4
5944.0,11
5945.0,13
5946.0,10
5947.0,6
5948.0,11
5949.0,3
5950.0,20
5951.0,5
5952.0,7
5954.0,8
5955.0,19
5956.0,18
5957.0,8
5958.0,4
5959.0,8
5960.0,15
5961.0,7
5962.0,23
5963.0,4
5964.0,9
5965.0,20
5966.0,10
5967.0,8
5968.0,30
5969.0,4
5970.0,18
5971.0,20
5972.0,3
5973.0,4
5974.0,11
5975.0,11
5976.0,7
5977.0,27
5978.0,39
5979.0,26
5980.0,32
5981.0,23
5982.0,31
5983.0,20
5984.0,8
5985.0,5
5986.0,7
5987.0,3
5988.0,7
5989.0,13
5990.0,25
5991.0,18
5992.0,21
5993.0,2
5994.0,21
5995.0,12
5996.0,9
5997.0,17
5998.0,14
5999.0,1
6000.0,8
6001.0,7
6002.0,9
6003.0,15
6004.0,14
6005.0,10
6006.0,11
6007.0,26
6008.0,15
6009.0,12
6010.0,28
6011.0,36
6012.0,30
6013.0,41
6014.0,20
6015.0,36
6016.0,15
6017.0,17
6018.0,17
6019.0,13
6020.0,26
6021.0,9
6022.0,27
6023.0,7
6024.0,34
6025.0,38
6026.0,5
6027.0,18
6028.0,23
6029.0,4
6030.0,18
6031.0,17
6032.0,6
6033.0,10
6034.0,14
6035.0,12
6036.0,12
6037.0,12
6038.0,14
6039.0,18
6040.0,17
6041.0,8
6042.0,6
6043.0,25
6044.0,4
6045.0,16
6046.0,16
6047.0,7
6048.0,11
6049.0,10
6050.0,22
6051.0,10
6052.0,8
6053.0,13
6054.0,12
6055.0,22
6056.0,3
6057.0,7
6058.0,5
6059.0,10
6060.0,19
6061.0,6
6062.0,18
6063.0,14
6064.0,7
6065.0,8
6066.0,6
6067.0,11
6068.0,15
6069.0,6
6070.0,26
6071.0,16
6072.0,36
6073.0,20
6074.0,29
6075.0,28
6076.0,34
6077.0,24
6078.0,32
6079.0,21
6080.0,35
6081.0,20
6082.0,29
6083.0,22
6084.0,22
6085.0,36
6086.0,19
6087.0,21
6088.0,49
6089.0,21
6090.0,26
6091.0,32
6092.0,29
6093.0,28
6094.0,28
6095.0,17
6096.0,13
6097.0,22
6098.0,20
6099.0,27
6100.0,40
6101.0,19
6102.0,38
6103.0,19
6104.0,12
6105.0,13
6106.0,34
6107.0,29
6108.0,8
6109.0,15
6110.0,28
6111.0,10
6112.0,15
6113.0,18
6114.0,2
6115.0,30
6116.0,12
6117.0,9
6118.0,8
6119.0,8
6120.0,33
6121.0,26
6122.0,14
6123.0,11
6124.0,19
6125.0,8
6126.0,4
6127.0,19
6128.0,25
6129.0,31
6130.0,32
6131.0,19
6132.0,17
6133.0,11
6134.0,12
6135.0,20
6136.0,19
6137.0,7
6138.0,7
6139.0,36
6140.0,17
6141.0,9
6142.0,18
6143.0,9
6144.0,12
6145.0,16
6146.0,8
6147.0,6
6148.0,17
6149.0,6
6150.0,19
6151.0,6
6152.0,16
6153.0,17
6154.0,5
6155.0,10
6156.0,20
6157.0,3
6158.0,6
6159.0,17
6160.0,26
6161.0,14
6162.0,10
6163.0,11
6164.0,9
6165.0,21
6166.0,12
6167.0,9
6168.0,13
6169.0,12
6170.0,23
6171.0,15
6172.0,10
6173.0,9
6174.0,7
6175.0,15
6176.0,7
6177.0,17
6178.0,9
6179.0,5
6180.0,16
6181.0,16
6182.0,9
6183.0,8
6184.0,11
6185.0,19
6186.0,10
6187.0,4
6188.0,8
6189.0,20
6190.0,27
6191.0,10
6192.0,7
6193.0,17
6194.0,22
6195.0,18
6196.0,9
6197.0,9
6198.0,11
6199.0,11
6200.0,12
6201.0,20
6202.0,8
6203.0,11
6204.0,7
6205.0,12
6206.0,15
6207.0,11
6208.0,26
6209.0,9
6210.0,18
6211.0,3
6212.0,6
6213.0,10
6214.0,6
6215.0,9
6216.0,6
6217.0,6
6218.0,9
6219.0,13
6220.0,24
6221.0,14
6222.0,17
6223.0,5
6224.0,4
6225.0,9
6226.0,7
6227.0,3
6228.0,8
6229.0,2
6230.0,20
6231.0,11
6232.0,13
6233.0,10
6234.0,7
6235.0,15
6236.0,8
6237.0,4
6238.0,6
6239.0,8
6240.0,8
6241.0,4
6242.0,9
6243.0,5
6244.0,14
6245.0,8
6246.0,5
6247.0,11
6248.0,8
6249.0,11
6250.0,31
6251.0,24
6252.0,17
6253.0,10
6254.0,12
6255.0,18
6256.0,18
6257.0,21
6258.0,16
6259.0,18
6260.0,25
6261.0,29
6262.0,12
6263.0,11
6264.0,10
6265.0,14
6266.0,25
6267.0,17
6268.0,23
6269.0,18
6270.0,16
6271.0,15
6272.0,8
6273.0,9
6274.0,23
6275.0,22
6276.0,13
6277.0,16
6278.0,6
6279.0,3
6280.0,18
6281.0,2
6282.0,22
6283.0,9
6284.0,8
6285.0,9
6286.0,8
6287.0,15
6288.0,14
6289.0,4
6290.0,20
6291.0,7
6292.0,12
6294.0,2
6295.0,15
6296.0,13
6297.0,20
6298.0,12
6299.0,3
6300.0,8
6301.0,3
6302.0,15
6303.0,5
6304.0,7
6305.0,4
6306.0,8
6307.0,8
6308.0,5
6309.0,9
6310.0,17
6311.0,10
6312.0,9
6313.0,4
6314.0,10
6315.0,17
6316.0,10
6317.0,11
6318.0,7
6319.0,3
6320.0,16
6321.0,4
6322.0,6
6323.0,6
6324.0,21
6325.0,16
6326.0,7
6327.0,6
6328.0,19
6329.0,10
6330.0,14
6331.0,3
6332.0,12
6333.0,6
6334.0,10
6335.0,14
6336.0,4
6337.0,2
6338.0,9
6339.0,7
6340.0,21
6341.0,14
6342.0,27
6343.0,11
6344.0,9
6345.0,15
6346.0,23
6347.0,5
6348.0,14
6349.0,8
6350.0,18
6351.0,6
6352.0,10
6353.0,6
6354.0,8
6355.0,20
6356.0,13
6357.0,8
6358.0,8
6359.0,6
6360.0,17
6361.0,5
6362.0,13
6363.0,16
6364.0,11
6365.0,23
6366.0,10
6367.0,3
6368.0,11
6369.0,16
6370.0,21
6371.0,18
6372.0,6
6373.0,6
6374.0,12
6375.0,10
6376.0,14
6377.0,13
6378.0,11
6379.0,14
6380.0,27
6381.0,22
6382.0,10
6383.0,11
6384.0,9
6385.0,29
6386.0,15
6387.0,11
6388.0,19
6389.0,5
6390.0,14
6391.0,9
6392.0,4
6393.0,5
6394.0,17
6395.0,10
6396.0,11
6397.0,7
6398.0,9
6399.0,16
6400.0,17
6401.0,11
6402.0,10
6403.0,2
6404.0,11
6405.0,14
6406.0,6
6407.0,6
6408.0,7
6409.0,17
6410.0,17
6411.0,10
6412.0,12
6413.0,6
6414.0,6
6415.0,10
6416.0,9
6417.0,9
6418.0,7
6419.0,7
6420.0,8
6421.0,4
6422.0,21
6423.0,5
6424.0,4
6425.0,5
6426.0,7
6427.0,4
6428.0,4
6429.0,6
6430.0,22
6431.0,7
6432.0,12
6433.0,11
6434.0,18
6435.0,27
6436.0,19
6437.0,22
6438.0,3
6439.0,17
6440.0,18
6441.0,17
6442.0,14
6443.0,5
6444.0,7
6445.0,29
6446.0,14
6447.0,11
6448.0,19
6449.0,9
6450.0,14
6451.0,13
6452.0,5
6453.0,9
6454.0,14
6455.0,9
6456.0,7
6457.0,12
6458.0,11
6459.0,8
6460.0,21
6461.0,5
6462.0,23
6464.0,10
6465.0,10
6466.0,7
6467.0,10
6468.0,4
6469.0,8
6470.0,10
6471.0,7
6472.0,10
6473.0,2
6474.0,7
6475.0,13
6476.0,6
6477.0,24
6478.0,8
6479.0,11
6480.0,17
6481.0,9
6482.0,23
6483.0,17
6484.0,29
6485.0,13
6486.0,9
6487.0,2
6488.0,12
6489.0,13
6490.0,20
6491.0,12
6492.0,9
6493.0,6
6494.0,8
6495.0,13
6496.0,12
6497.0,6
6498.0,8
6499.0,7
6500.0,16
6501.0,10
6502.0,13
6503.0,16
6504.0,13
6505.0,19
6506.0,8
6507.0,21
6508.0,25
6509.0,8
6510.0,12
6511.0,2
6512.0,2
6513.0,6
6514.0,9
6515.0,14
6516.0,4
6517.0,3
6518.0,5
6519.0,4
6520.0,17
6521.0,10
6522.0,5
6523.0,7
6524.0,12
6525.0,7
6526.0,13
6527.0,5
6528.0,14
6529.0,10
6530.0,14
6531.0,12
6532.0,17
6533.0,12
6534.0,12
6535.0,8
6536.0,1
6537.0,24
6538.0,8
6539.0,6
6540.0,8
6541.0,14
6542.0,14
6543.0,26
6544.0,6
6545.0,11
6546.0,18
6547.0,10
6548.0,1
6549.0,12
6550.0,21
6551.0,24
6552.0,10
6553.0,15
6554.0,12
6555.0,11
6556.0,31
6557.0,16
6558.0,1
6559.0,17
6560.0,12
6561.0,31
6562.0,14
6563.0,11
6564.0,11
6565.0,10
6566.0,12
6567.0,11
6568.0,23
6569.0,8
6570.0,35
6571.0,2
6572.0,6
6573.0,10
6574.0,16
6575.0,19
6576.0,3
6577.0,14
6578.0,5
6579.0,22
6580.0,28
6581.0,19
6582.0,42
6583.0,15
6584.0,15
6585.0,11
6586.0,15
6587.0,13
6588.0,11
6589.0,15
6590.0,14
6591.0,12
6592.0,9
6593.0,4
6594.0,4
6595.0,14
6596.0,23
6597.0,12
6598.0,12
6599.0,13
6600.0,13
6601.0,6
6602.0,10
6603.0,22
6604.0,9
6605.0,9
6606.0,29
6607.0,7
6608.0,12
6609.0,10
6610.0,45
6611.0,21
6612.0,30
6613.0,9
6614.0,26
6615.0,6
6616.0,23
6617.0,46
6618.0,30
6619.0,29
6620.0,30
6621.0,17
6622.0,16
6623.0,30
6624.0,11
6625.0,23
6626.0,14
6627.0,14
6628.0,20
6629.0,9
6630.0,12
6631.0,12
6632.0,10
6633.0,23
6634.0,11
6635.0,23
6636.0,8
6637.0,10
6638.0,22
6639.0,6
6640.0,19
6641.0,23
6642.0,8
6643.0,12
6644.0,12
6645.0,19
6646.0,16
6647.0,12
6648.0,23
6649.0,6
6650.0,26
6651.0,16
6652.0,8
6653.0,6
6654.0,9
6655.0,15
6656.0,6
6657.0,6
6658.0,9
6659.0,11
6660.0,16
6661.0,15
6662.0,4
6663.0,11
6664.0,4
6665.0,9
6666.0,9
6667.0,3
6668.0,8
6669.0,7
6670.0,27
6671.0,10
6672.0,15
6673.0,16
6674.0,20
6675.0,37
6676.0,15
6677.0,3
6678.0,6
6679.0,7
6680.0,27
6681.0,9
6682.0,11
6683.0,21
6684.0,7
6685.0,20
6686.0,27
6687.0,13
6688.0,22
6689.0,8
6690.0,12
6691.0,16
6692.0,12
6693.0,9
6694.0,2
6695.0,5
6696.0,2
6697.0,10
6698.0,26
6699.0,39
6700.0,24
6701.0,5
6703.0,57
6704.0,36
6705.0,28
6706.0,26
6707.0,28
6708.0,14
6709.0,24
6710.0,23
6711.0,28
6712.0,20
6713.0,20
6714.0,25
6715.0,35
6716.0,31
6717.0,28
6718.0,31
6719.0,27
6720.0,22
6721.0,22
6722.0,19
6723.0,21
6724.0,14
6725.0,24
6726.0,16
6727.0,18
6728.0,16
6729.0,19
6730.0,25
6731.0,19
6732.0,20
6733.0,16
6734.0,20
6735.0,17
6736.0,22
6737.0,12
6738.0,15
6739.0,21
6740.0,33
6741.0,16
6742.0,20
6743.0,24
6744.0,17
6745.0,36
6746.0,13
6747.0,10
6748.0,42
6749.0,27
6750.0,13
6751.0,15
6752.0,34
6753.0,21
6754.0,9
6755.0,28
6756.0,28
6757.0,10
6758.0,11
6759.0,14
6760.0,28
6761.0,16
6762.0,21
6763.0,4
6764.0,13
6765.0,20
6766.0,14
6767.0,8
6768.0,38
6769.0,12
6770.0,29
6771.0,29
6772.0,26
6773.0,22
6774.0,18
6775.0,21
6776.0,25
6777.0,12
6778.0,34
6779.0,11
6780.0,26
6781.0,14
6782.0,15
6783.0,17
6784.0,13
6785.0,27
6786.0,14
6787.0,13
6788.0,21
6789.0,9
6790.0,34
6791.0,28
6792.0,18
6793.0,10
6794.0,33
6795.0,27
6796.0,31
6797.0,15
6798.0,11
6799.0,32
6800.0,35
6801.0,30
6802.0,18
6803.0,16
6804.0,57
6805.0,26
6806.0,21
6807.0,28
6808.0,42
6809.0,21
6810.0,51
6811.0,13
6812.0,14
6813.0,21
6814.0,26
6815.0,23
6816.0,17
6817.0,20
6818.0,18
6819.0,23
6820.0,29
6821.0,27
6822.0,40
6823.0,22
6824.0,19
6825.0,18
6826.0,32
6827.0,21
6828.0,22
6829.0,17
6830.0,30
6831.0,29
6832.0,37
6833.0,12
6834.0,21
6835.0,31
6836.0,16
6837.0,28
6838.0,16
6839.0,8
6840.0,17
6841.0,15
6842.0,24
6843.0,41
6844.0,14
6845.0,16
6846.0,8
6847.0,24
6848.0,20
6849.0,15
6850.0,35
6851.0,28
6852.0,11
6853.0,4
6854.0,10
6855.0,14
6856.0,16
6857.0,20
6858.0,26
6859.0,11
6860.0,27
6861.0,10
6862.0,7
6863.0,14
6864.0,10
6865.0,10
6866.0,16
6867.0,4
6868.0,35
6869.0,22
6870.0,16
6871.0,15
6872.0,13
6873.0,21
6874.0,8
6875.0,22
6876.0,30
6877.0,18
6878.0,20
6879.0,15
6880.0,43
6881.0,14
6882.0,15
6883.0,18
6884.0,11
6885.0,15
6886.0,26
6887.0,18
6888.0,17
6889.0,27
6890.0,26
6891.0,19
6892.0,21
6893.0,15
6894.0,26
6895.0,20
6896.0,22
6897.0,23
6898.0,15
6899.0,18
6900.0,27
6901.0,23
6902.0,18
6903.0,23
6904.0,11
6905.0,26
6906.0,13
6907.0,20
6908.0,16
6909.0,14
6910.0,24
6911.0,22
6912.0,18
6913.0,10
6914.0,12
6915.0,29
6916.0,34
6917.0,3
6918.0,12
6919.0,11
6920.0,18
6921.0,9
6922.0,11
6923.0,9
6924.0,14
6925.0,18
6926.0,8
6927.0,12
6928.0,26
6929.0,5
6930.0,9
6931.0,21
6932.0,19
6933.0,9
6934.0,14
6935.0,10
6936.0,8
6937.0,4
6938.0,15
6939.0,25
6940.0,16
6941.0,24
6942.0,24
6943.0,23
6944.0,34
6945.0,9
6946.0,15
6947.0,13
6948.0,2
6949.0,7
6950.0,24
6951.0,13
6952.0,21
6953.0,15
6954.0,14
6955.0,11
6956.0,33
6957.0,6
6958.0,10
6959.0,11
6960.0,13
6961.0,15
6962.0,10
6963.0,16
6964.0,20
6965.0,28
6966.0,27
6967.0,7
6968.0,21
6969.0,6
6970.0,27
6971.0,32
6972.0,20
6973.0,26
6974.0,21
6975.0,35
6976.0,17
6977.0,22
6978.0,10
6979.0,25
6980.0,41
6981.0,30
6982.0,32
6983.0,16
6984.0,20
6985.0,21
6986.0,17
6987.0,9
6988.0,14
6989.0,2
6990.0,6
6991.0,2
6992.0,4
6993.0,53
6994.0,7
6995.0,17
6996.0,20
6997.0,11
6998.0,25
6999.0,11
7000.0,15
7001.0,13
7002.0,8
7004.0,4
7005.0,9
7006.0,40
7007.0,15
7008.0,3
7009.0,20
7010.0,24
7011.0,11
7012.0,10
7013.0,10
7014.0,14
7015.0,13
7016.0,10
7017.0,16
7018.0,13
7019.0,18
7020.0,28
7021.0,13
7022.0,17
7023.0,10
7024.0,12
7025.0,26
7026.0,5
7027.0,3
7028.0,35
7029.0,3
7030.0,25
7031.0,26
7032.0,9
7033.0,8
7034.0,11
7035.0,15
7036.0,18
7037.0,17
7038.0,5
7039.0,21
7040.0,28
7041.0,19
7042.0,7
7043.0,9
7044.0,22
7045.0,13
7046.0,16
7047.0,29
7048.0,17
7049.0,4
7050.0,32
7051.0,17
7052.0,19
7053.0,14
7054.0,32
7055.0,17
7056.0,10
7057.0,16
7058.0,23
7059.0,17
7060.0,12
7061.0,21
7062.0,54
7063.0,34
7064.0,30
7065.0,25
7066.0,36
7067.0,21
7068.0,28
7069.0,29
7070.0,31
7071.0,28
7072.0,12
7073.0,22
7074.0,27
7075.0,24
7076.0,15
7077.0,28
7078.0,25
7079.0,43
7080.0,36
7081.0,23
7082.0,43
7083.0,25
7084.0,25
7085.0,31
7086.0,15
7087.0,10
7088.0,2
7089.0,43
7090.0,13
7091.0,14
7092.0,15
7093.0,9
7094.0,9
7095.0,42
7096.0,28
7097.0,42
7098.0,19
7099.0,25
7100.0,31
7101.0,39
7102.0,29
7103.0,37
7104.0,26
7105.0,10
7106.0,38
7107.0,51
7108.0,36
7109.0,15
7110.0,39
7111.0,38
7112.0,10
7113.0,31
7114.0,32
7115.0,15
7116.0,9
7117.0,11
7118.0,15
7119.0,23
7120.0,9
7121.0,6
7122.0,46
7123.0,17
7124.0,16
7125.0,16
7126.0,21
7127.0,9
7128.0,10
7129.0,9
7130.0,19
7131.0,26
7132.0,25
7133.0,16
7134.0,20
7135.0,30
7136.0,12
7137.0,20
7138.0,15
7139.0,30
7140.0,26
7141.0,23
7142.0,26
7143.0,23
7144.0,23
7145.0,23
7146.0,12
7147.0,16
7148.0,17
7149.0,10
7150.0,36
7151.0,23
7152.0,23
7153.0,9
7154.0,24
7155.0,31
7156.0,9
7157.0,19
7158.0,16
7159.0,12
7160.0,20
7161.0,13
7162.0,14
7163.0,12
7164.0,13
7165.0,25
7166.0,12
7167.0,11
7168.0,30
7169.0,9
7170.0,23
7171.0,10
7172.0,7
7173.0,12
7174.0,6
7175.0,11
7176.0,15
7177.0,13
7178.0,11
7179.0,8
7180.0,24
7181.0,29
7182.0,40
7183.0,36
7184.0,18
7185.0,7
7186.0,12
7187.0,7
7188.0,3
7189.0,8
7190.0,17
7191.0,11
7192.0,5
7193.0,6
7194.0,8
7195.0,15
7196.0,4
7197.0,8
7198.0,16
7199.0,7
7200.0,24
7201.0,13
7202.0,12
7203.0,10
7204.0,6
7205.0,5
7206.0,6
7207.0,13
7208.0,12
7209.0,11
7210.0,11
7211.0,13
7212.0,8
7213.0,4
7214.0,8
7215.0,25
7216.0,20
7217.0,16
7218.0,17
7219.0,31
7220.0,17
7221.0,14
7222.0,17
7223.0,9
7224.0,8
7225.0,15
7226.0,9
7227.0,10
7228.0,15
7229.0,7
7230.0,16
7231.0,15
7232.0,13
7233.0,11
7234.0,11
7235.0,11
7236.0,4
7237.0,14
7238.0,15
7239.0,16
7240.0,23
7241.0,17
7242.0,16
7243.0,15
7244.0,13
7245.0,18
7246.0,36
7247.0,21
7248.0,16
7249.0,16
7250.0,19
7251.0,14
7252.0,5
7253.0,18
7254.0,36
7255.0,29
7256.0,26
7257.0,28
7258.0,25
7259.0,25
7260.0,21
7261.0,27
7262.0,11
7263.0,5
7264.0,8
7265.0,12
7266.0,16
7267.0,13
7268.0,7
7269.0,7
7270.0,19
7271.0,7
7272.0,3
7273.0,1
7274.0,14
7275.0,15
7276.0,11
7277.0,15
7278.0,10
7279.0,8
7280.0,17
7281.0,10
7282.0,18
7283.0,11
7284.0,9
7285.0,20
7286.0,16
7287.0,8
7288.0,21
7289.0,5
7290.0,14
7291.0,3
7292.0,5
7293.0,11
7294.0,15
7295.0,10
7296.0,8
7297.0,3
7298.0,18
7299.0,14
7300.0,17
7301.0,17
7302.0,23
7303.0,19
7304.0,17
7305.0,17
7306.0,13
7307.0,28
7308.0,25
7309.0,31
7310.0,32
7311.0,19
7312.0,21
7313.0,16
7314.0,16
7315.0,34
7316.0,25
7317.0,21
7318.0,20
7319.0,20
7320.0,22
7321.0,16
7322.0,19
7323.0,21
7324.0,18
7325.0,29
7326.0,22
7327.0,19
7328.0,21
7329.0,19
7330.0,25
7331.0,21
7332.0,21
7333.0,9
7334.0,16
7335.0,13
7336.0,10
7337.0,11
7338.0,19
7339.0,15
7340.0,23
7341.0,15
7342.0,19
7343.0,9
7344.0,14
7345.0,16
7346.0,15
7347.0,11
7348.0,15
7349.0,2
7350.0,17
7351.0,1
7352.0,12
7353.0,11
7354.0,16
7355.0,10
7356.0,4
7357.0,4
7358.0,9
7359.0,11
7360.0,27
7361.0,3
7362.0,9
7363.0,7
7364.0,5
7365.0,10
7366.0,9
7367.0,9
7368.0,8
7369.0,9
7370.0,21
7371.0,4
7372.0,8
7373.0,8
7374.0,3
7375.0,18
7376.0,6
7377.0,9
7378.0,11
7379.0,2
7380.0,12
7381.0,5
7382.0,25
7383.0,29
7384.0,20
7385.0,29
7386.0,20
7387.0,14
7388.0,21
7389.0,20
7390.0,25
7391.0,23
7392.0,13
7393.0,14
7394.0,18
7395.0,21
7396.0,22
7397.0,17
7398.0,16
7399.0,20
7400.0,26
7401.0,17
7402.0,20
7403.0,26
7404.0,16
7405.0,26
7406.0,17
7407.0,20
7408.0,33
7409.0,26
7410.0,32
7411.0,21
7412.0,16
7413.0,13
7414.0,28
7415.0,28
7416.0,24
7417.0,83
7418.0,32
7419.0,25
7420.0,29
7421.0,26
7422.0,60
7423.0,24
7424.0,19
7425.0,20
7426.0,35
7427.0,22
7428.0,5
7429.0,15
7430.0,15
7431.0,19
7432.0,19
7433.0,21
7434.0,24
7435.0,27
7436.0,40
7437.0,49
7438.0,49
7439.0,21
7440.0,24
7441.0,25
7442.0,18
7443.0,22
7444.0,18
7445.0,10
7446.0,2
7447.0,6
7448.0,5
7449.0,7
7450.0,15
7451.0,15
7452.0,17
7453.0,15
7454.0,55
7455.0,34
7456.0,12
7457.0,7
7458.0,9
7459.0,18
7460.0,17
7461.0,8
7462.0,9
7463.0,3
7464.0,5
7465.0,7
7466.0,2
7467.0,8
7468.0,19
7469.0,20
7470.0,13
7471.0,7
7472.0,1
7473.0,4
7474.0,9
7475.0,5
7476.0,2
7477.0,6
7478.0,9
7479.0,16
7480.0,18
7481.0,5
7482.0,22
7483.0,23
7484.0,7
7485.0,12
7486.0,24
7487.0,14
7488.0,9
7489.0,9
7490.0,25
7491.0,18
7492.0,11
7493.0,7
7494.0,11
7495.0,15
7496.0,10
7497.0,4
7498.0,9
7499.0,12
7500.0,11
7501.0,8
7502.0,9
7503.0,3
7504.0,9
7505.0,8
7506.0,1
7507.0,9
7508.0,1
7509.0,2
7510.0,18
7511.0,8
7512.0,8
7513.0,35
7514.0,26
7515.0,44
7516.0,29
7517.0,30
7518.0,23
7519.0,33
7520.0,26
7521.0,23
7522.0,21
7523.0,31
7524.0,21
7525.0,34
7526.0,27
7527.0,26
7528.0,38
7529.0,21
7530.0,24
7531.0,14
7532.0,16
7533.0,19
7534.0,17
7535.0,28
7536.0,12
7537.0,20
7538.0,22
7539.0,18
7540.0,27
7541.0,22
7542.0,41
7543.0,13
7544.0,25
7545.0,27
7546.0,26
7547.0,22
7548.0,22
7549.0,15
7550.0,30
7551.0,22
7552.0,23
7553.0,22
7554.0,27
7555.0,23
7556.0,21
7557.0,26
7558.0,24
7559.0,18
7560.0,31
7561.0,18
7562.0,22
7563.0,22
7564.0,14
7565.0,5
7566.0,40
7567.0,7
7568.0,14
7569.0,25
7570.0,33
7571.0,29
7572.0,21
7573.0,17
7574.0,21
7575.0,26
7576.0,26
7577.0,18
7578.0,23
7579.0,22
7580.0,33
7581.0,17
7582.0,28
7583.0,17
7584.0,16
7585.0,29
7586.0,25
7587.0,21
7588.0,29
7589.0,23
7590.0,29
7591.0,13
7592.0,18
7593.0,28
7594.0,21
7595.0,28
7596.0,16
7597.0,20
7598.0,19
7599.0,33
7600.0,25
7601.0,16
7602.0,35
7603.0,17
7604.0,17
7605.0,22
7606.0,20
7607.0,20
7608.0,16
7609.0,32
7610.0,28
7611.0,21
7612.0,23
7613.0,19
7614.0,22
7615.0,30
7616.0,24
7617.0,17
7618.0,23
7619.0,12
7620.0,24
7621.0,25
7622.0,21
7623.0,15
7624.0,26
7625.0,20
7626.0,3
7627.0,41
7628.0,9
7629.0,12
7630.0,30
7631.0,20
7632.0,16
7633.0,19
7634.0,20
7635.0,34
7636.0,17
7637.0,12
7638.0,20
7639.0,19
7640.0,9
7641.0,35
7642.0,16
7643.0,15
7644.0,23
7645.0,28
7646.0,12
7647.0,31
7648.0,37
7649.0,14
7650.0,35
7651.0,24
7652.0,19
7653.0,17
7654.0,31
7655.0,47
7656.0,15
7657.0,22
7658.0,27
7659.0,29
7660.0,28
7661.0,28
7662.0,42
7663.0,37
7664.0,22
7665.0,21
7666.0,3
7667.0,11
7668.0,3
7669.0,2
7670.0,59
7671.0,17
7672.0,21
7673.0,27
7674.0,22
7675.0,23
7676.0,23
7677.0,18
7678.0,20
7679.0,22
7680.0,24
7681.0,21
7682.0,21
7683.0,16
7684.0,18
7685.0,20
7686.0,15
7687.0,17
7688.0,22
7689.0,22
7690.0,22
7691.0,33
7692.0,26
7693.0,26
7694.0,26
7695.0,28
7696.0,25
7697.0,21
7698.0,25
7699.0,18
7700.0,8
7701.0,43
7702.0,7
7703.0,20
7704.0,15
7705.0,27
7706.0,19
7707.0,17
7708.0,27
7709.0,15
7710.0,29
7711.0,16
7712.0,20
7713.0,13
7714.0,1
7715.0,51
7716.0,16
7717.0,25
7718.0,12
7719.0,22
7720.0,27
7721.0,14
7722.0,24
7723.0,17
7724.0,20
7725.0,24
7726.0,27
7727.0,19
7728.0,19
7729.0,25
7730.0,25
7731.0,19
7732.0,21
7733.0,22
7734.0,23
7735.0,19
7736.0,20
7737.0,24
7738.0,12
7739.0,16
7740.0,26
7741.0,17
7742.0,22
7743.0,16
7744.0,15
7745.0,20
7746.0,19
7747.0,15
7748.0,24
7749.0,11
7750.0,29
7751.0,19
7752.0,73
7753.0,21
7754.0,72
7755.0,66
7756.0,63
7757.0,76
7758.0,57
7759.0,55
7760.0,83
7761.0,19
7762.0,22
7763.0,21
7764.0,30
7765.0,22
7766.0,28
7767.0,27
7768.0,38
7769.0,16
7770.0,26
7771.0,29
7772.0,30
7773.0,20
7774.0,26
7775.0,29
7776.0,27
7777.0,28
7778.0,26
7779.0,22
7780.0,35
7781.0,23
7782.0,53
7783.0,17
7784.0,19
7785.0,30
7786.0,33
7787.0,16
7788.0,17
7789.0,13
7790.0,34
7791.0,26
7792.0,15
7793.0,17
7794.0,24
7795.0,11
7796.0,8
7797.0,13
7798.0,25
7799.0,11
7800.0,18
7801.0,25
7802.0,29
7803.0,18
7804.0,12
7805.0,24
7806.0,21
7807.0,21
7808.0,14
7809.0,20
7810.0,21
7811.0,23
7812.0,21
7813.0,16
7814.0,21
7815.0,26
7816.0,15
7817.0,19
7818.0,28
7819.0,25
7820.0,32
7821.0,23
7822.0,10
7823.0,2
7824.0,19
7825.0,28
7826.0,10
7827.0,10
7828.0,25
7829.0,11
7830.0,19
7831.0,8
7832.0,9
7833.0,11
7834.0,11
7835.0,21
7836.0,14
7837.0,3
7838.0,12
7839.0,13
7840.0,15
7841.0,10
7842.0,12
7843.0,1
7844.0,6
7845.0,18
7846.0,10
7847.0,11
7848.0,7
7849.0,15
7850.0,26
7851.0,7
7852.0,7
7853.0,11
7854.0,9
7855.0,19
7856.0,2
7857.0,12
7858.0,12
7859.0,3
7860.0,9
7861.0,10
7862.0,5
7863.0,2
7864.0,4
7865.0,6
7866.0,5
7867.0,4
7868.0,9
7869.0,5
7870.0,19
7871.0,5
7872.0,1
7873.0,3
7874.0,13
7875.0,10
7876.0,9
7877.0,7
7878.0,3
7879.0,6
7880.0,16
7881.0,3
7882.0,5
7883.0,4
7884.0,2
7885.0,15
7886.0,5
7887.0,11
7888.0,20
7889.0,4
7890.0,13
7891.0,8
7892.0,6
7893.0,10
7894.0,11
7895.0,10
7896.0,8
7897.0,4
7898.0,12
7899.0,4
7900.0,16
7901.0,16
7902.0,34
7903.0,1
7904.0,4
7905.0,7
7906.0,14
7907.0,4
7909.0,15
7910.0,16
7911.0,10
7912.0,13
7913.0,9
7914.0,10
7915.0,14
7916.0,12
7917.0,11
7918.0,14
7919.0,9
7920.0,17
7921.0,9
7922.0,10
7923.0,8
7924.0,12
7925.0,15
7926.0,25
7927.0,13
7928.0,1
7929.0,14
7930.0,29
7931.0,11
7932.0,3
7933.0,10
7934.0,10
7935.0,13
7936.0,15
7937.0,8
7938.0,12
7939.0,9
7940.0,21
7941.0,7
7942.0,19
7943.0,6
7944.0,11
7945.0,20
7946.0,33
7947.0,13
7948.0,16
7949.0,14
7950.0,20
7951.0,10
7952.0,4
7953.0,8
7954.0,9
7955.0,4
7956.0,10
7957.0,15
7958.0,10
7959.0,10
7960.0,13
7961.0,15
7962.0,11
7963.0,7
7964.0,4
7965.0,8
7966.0,10
7967.0,6
7969.0,17
7970.0,12
7971.0,5
7972.0,16
7973.0,3
7974.0,4
7975.0,9
7976.0,1
7977.0,5
7978.0,3
7979.0,2
7980.0,8
7981.0,14
7982.0,11
7983.0,7
7984.0,2
7985.0,11
7986.0,3
7987.0,11
7988.0,4
7989.0,3
7990.0,18
7991.0,4
7992.0,2
7993.0,4
7994.0,8
7995.0,10
7996.0,11
7997.0,13
7998.0,2
7999.0,9
8000.0,12
8001.0,17
8002.0,29
8003.0,9
8004.0,14
8005.0,15
8006.0,15
8007.0,6
8008.0,26
8009.0,7
8010.0,22
8011.0,12
8012.0,3
8013.0,6
8014.0,13
8015.0,26
8016.0,8
8017.0,10
8018.0,17
8019.0,10
8020.0,16
8021.0,17
8022.0,24
8023.0,10
8024.0,11
8025.0,8
8026.0,11
8027.0,10
8028.0,4
8029.0,14
8030.0,14
8031.0,2
8032.0,6
8033.0,11
8034.0,8
8035.0,7
8036.0,8
8037.0,5
8038.0,15
8039.0,5
8040.0,14
8041.0,6
8042.0,6
8043.0,3
8044.0,4
8045.0,5
8046.0,13
8047.0,3
8048.0,5
8049.0,6
8050.0,23
8051.0,12
8052.0,2
8053.0,6
8054.0,25
8055.0,18
8056.0,18
8057.0,9
8058.0,17
8059.0,9
8060.0,32
8061.0,13
8062.0,9
8063.0,19
8064.0,10
8065.0,22
8066.0,16
8067.0,5
8068.0,13
8069.0,8
8070.0,16
8071.0,4
8072.0,2
8073.0,3
8074.0,10
8075.0,12
8076.0,8
8077.0,9
8078.0,13
8079.0,8
8080.0,15
8081.0,34
8082.0,26
8083.0,1
8084.0,3
8085.0,19
8086.0,10
8087.0,10
8088.0,12
8089.0,7
8090.0,13
8091.0,9
8092.0,12
8093.0,12
8094.0,8
8095.0,6
8096.0,19
8097.0,9
8098.0,10
8099.0,10
8100.0,15
8101.0,8
8102.0,18
8103.0,9
8104.0,11
8105.0,9
8106.0,6
8107.0,12
8108.0,4
8109.0,6
8110.0,23
8111.0,8
8112.0,7
8113.0,5
8114.0,15
8115.0,22
8116.0,10
8117.0,6
8118.0,19
8119.0,13
8120.0,21
8121.0,15
8122.0,23
8123.0,10
8124.0,13
8125.0,13
8126.0,10
8127.0,12
8128.0,24
8129.0,16
8130.0,27
8131.0,18
8132.0,9
8133.0,2
8134.0,5
8135.0,18
8136.0,7
8137.0,10
8138.0,8
8139.0,3
8140.0,12
8141.0,10
8142.0,27
8143.0,2
8144.0,8
8145.0,3
8146.0,9
8147.0,4
8148.0,11
8149.0,14
8150.0,15
8151.0,5
8152.0,16
8153.0,3
8154.0,5
8155.0,8
8156.0,5
8157.0,13
8158.0,7
8159.0,13
8160.0,12
8161.0,4
8162.0,5
8163.0,9
8164.0,9
8165.0,7
8166.0,13
8167.0,2
8168.0,3
8169.0,24
8170.0,16
8171.0,12
8172.0,11
8173.0,9
8174.0,10
8175.0,23
8176.0,5
8177.0,11
8178.0,14
8179.0,19
8180.0,22
8181.0,2
8182.0,10
8183.0,12
8184.0,9
8185.0,20
8186.0,9
8187.0,16
8188.0,20
8189.0,9
8190.0,26
8191.0,14
8192.0,3
8193.0,13
8194.0,10
8195.0,14
8196.0,12
8197.0,4
8198.0,11
8199.0,20
8200.0,18
8201.0,12
8202.0,16
8203.0,5
8204.0,11
8205.0,6
8206.0,14
8207.0,18
8208.0,14
8209.0,13
8210.0,10
8211.0,16
8212.0,4
8213.0,3
8214.0,5
8215.0,15
8216.0,4
8217.0,4
8218.0,6
8219.0,4
8220.0,9
8221.0,4
8222.0,11
8223.0,1
8224.0,2
8225.0,4
8226.0,4
8227.0,3
8228.0,5
8229.0,3
8230.0,13
8231.0,9
8232.0,3
8233.0,3
8234.0,9
8235.0,12
8236.0,2
8237.0,3
8238.0,8
8239.0,11
8240.0,12
8241.0,18
8242.0,15
8243.0,6
8244.0,5
8245.0,28
8246.0,18
8247.0,7
8248.0,24
8249.0,17
8250.0,15
8251.0,10
8252.0,4
8253.0,6
8254.0,8
8255.0,6
8256.0,3
8257.0,12
8258.0,7
8259.0,3
8260.0,17
8261.0,10
8262.0,23
8263.0,6
8264.0,7
8265.0,9
8266.0,11
8267.0,5
8268.0,6
8269.0,9
8270.0,13
8271.0,13
8272.0,16
8273.0,9
8274.0,4
8275.0,13
8276.0,8
8277.0,12
8278.0,15
8279.0,8
8280.0,11
8281.0,11
8282.0,7
8283.0,13
8284.0,21
8285.0,15
8286.0,14
8287.0,6
8288.0,13
8289.0,11
8290.0,49
8291.0,13
8292.0,1
8293.0,8
8294.0,10
8295.0,17
8296.0,8
8297.0,14
8298.0,19
8299.0,13
8300.0,21
8301.0,13
8302.0,13
8303.0,14
8304.0,10
8305.0,38
8306.0,17
8307.0,13
8308.0,16
8309.0,12
8310.0,10
8311.0,5
8312.0,4
8313.0,6
8314.0,9
8315.0,12
8316.0,3
8317.0,5
8318.0,7
8319.0,2
8320.0,19
8321.0,7
8322.0,12
8323.0,6
8324.0,8
8325.0,5
8326.0,13
8327.0,2
8328.0,3
8329.0,7
8330.0,19
8331.0,9
8332.0,9
8333.0,6
8334.0,5
8335.0,12
8336.0,14
8337.0,8
8338.0,1
8339.0,4
8340.0,9
8341.0,9
8342.0,3
8343.0,5
8344.0,4
8345.0,5
8346.0,4
8347.0,3
8348.0,9
8349.0,3
8350.0,19
8351.0,6
8352.0,8
8353.0,5
8354.0,8
8355.0,24
8356.0,15
8357.0,3
8358.0,11
8359.0,15
8360.0,25
8361.0,13
8362.0,33
8363.0,11
8364.0,12
8365.0,16
8366.0,8
8367.0,12
8368.0,22
8369.0,5
8370.0,19
8371.0,8
8372.0,5
8373.0,2
8374.0,8
8375.0,7
8376.0,11
8377.0,9
8378.0,14
8379.0,8
8380.0,13
8381.0,20
8382.0,31
8383.0,9
8384.0,7
8385.0,3
8386.0,19
8387.0,21
8388.0,4
8389.0,3
8390.0,24
8391.0,6
8392.0,12
8393.0,9
8394.0,12
8395.0,10
8396.0,5
8397.0,13
8398.0,5
8399.0,12
8400.0,8
8401.0,4
8402.0,3
8403.0,9
8404.0,5
8405.0,9
8406.0,8
8407.0,4
8408.0,7
8409.0,11
8410.0,20
8411.0,23
8412.0,6
8413.0,9
8414.0,8
8415.0,11
8416.0,11
8417.0,15
8418.0,14
8419.0,16
8420.0,11
8421.0,20
8422.0,8
8423.0,7
8424.0,5
8425.0,12
8426.0,9
8427.0,4
8428.0,19
8429.0,10
8430.0,11
8431.0,5
8432.0,11
8433.0,20
8434.0,5
8435.0,10
8436.0,8
8437.0,11
8438.0,7
8439.0,2
8440.0,20
8441.0,4
8442.0,7
8443.0,7
8444.0,6
8445.0,9
8446.0,20
8447.0,7
8448.0,9
8449.0,2
8450.0,14
8451.0,8
8452.0,5
8453.0,13
8454.0,9
8455.0,16
8456.0,6
8457.0,29
8458.0,23
8459.0,12
8460.0,22
8461.0,16
8462.0,23
8463.0,10
8464.0,20
8465.0,13
8466.0,10
8467.0,7
8468.0,3
8469.0,16
8470.0,17
8471.0,20
8472.0,17
8473.0,14
8474.0,24
8475.0,33
8476.0,13
8477.0,7
8478.0,22
8479.0,20
8480.0,26
8481.0,30
8482.0,25
8483.0,14
8484.0,16
8485.0,13
8486.0,27
8487.0,17
8488.0,31
8489.0,22
8490.0,25
8491.0,10
8492.0,11
8493.0,17
8494.0,14
8495.0,18
8496.0,11
8497.0,26
8498.0,16
8499.0,6
8500.0,23
8501.0,15
8502.0,37
8503.0,12
8504.0,11
8505.0,13
8506.0,16
8507.0,7
8508.0,8
8509.0,8
8510.0,9
8511.0,11
8512.0,3
8513.0,6
8514.0,5
8515.0,9
8516.0,7
8517.0,11
8518.0,3
8519.0,8
8520.0,12
8521.0,5
8522.0,4
8523.0,1
8524.0,14
8525.0,20
8526.0,13
8527.0,14
8528.0,17
8529.0,10
8530.0,26
8531.0,29
8532.0,19
8533.0,4
8534.0,16
8535.0,22
8536.0,8
8537.0,11
8538.0,13
8539.0,33
8540.0,29
8541.0,16
8542.0,14
8543.0,20
8544.0,23
8545.0,25
8546.0,17
8547.0,12
8548.0,29
8549.0,12
8550.0,17
8551.0,16
8552.0,13
8553.0,7
8554.0,15
8555.0,21
8556.0,1
8557.0,13
8558.0,19
8559.0,29
8560.0,27
8561.0,19
8562.0,33
8563.0,10
8564.0,13
8565.0,12
8566.0,9
8567.0,11
8568.0,8
8569.0,4
8570.0,13
8571.0,4
8572.0,4
8573.0,5
8574.0,7
8575.0,10
8576.0,28
8577.0,5
8578.0,7
8579.0,7
8580.0,9
8581.0,4
8582.0,4
8583.0,2
8584.0,5
8585.0,5
8586.0,5
8587.0,2
8588.0,4
8589.0,4
8590.0,13
8591.0,10
8592.0,6
8593.0,2
8594.0,12
8595.0,32
8596.0,13
8597.0,7
8598.0,8
8599.0,6
8600.0,18
8601.0,7
8602.0,6
8603.0,6
8604.0,7
8605.0,14
8606.0,3
8607.0,3
8608.0,19
8609.0,5
8610.0,15
8611.0,4
8612.0,1
8613.0,4
8614.0,28
8615.0,19
8616.0,4
8617.0,2
8618.0,4
8619.0,2
8620.0,17
8621.0,19
8622.0,48
8623.0,14
8624.0,7
8625.0,3
8626.0,9
8627.0,2
8628.0,4
8629.0,5
8630.0,11
8631.0,5
8632.0,4
8633.0,4
8634.0,8
8635.0,11
8636.0,2
8637.0,3
8638.0,7
8639.0,12
8640.0,17
8641.0,12
8642.0,15
8643.0,7
8644.0,7
8645.0,7
8646.0,6
8647.0,9
8648.0,9
8649.0,4
8650.0,26
8651.0,17
8652.0,7
8653.0,11
8654.0,15
8655.0,20
8656.0,12
8657.0,13
8658.0,22
8659.0,22
8660.0,21
8661.0,10
8662.0,10
8663.0,15
8664.0,7
8665.0,16
8666.0,22
8667.0,10
8668.0,14
8669.0,3
8670.0,21
8671.0,9
8672.0,5
8673.0,1
8674.0,5
8675.0,9
8676.0,4
8677.0,3
8678.0,11
8679.0,17
8680.0,16
8681.0,8
8682.0,8
8683.0,10
8684.0,5
8685.0,9
8686.0,13
8687.0,5
8688.0,7
8689.0,12
8690.0,7
8691.0,12
8692.0,6
8693.0,5
8694.0,5
8695.0,10
8696.0,10
8697.0,5
8698.0,8
8699.0,6
8700.0,10
8701.0,6
8702.0,4
8703.0,4
8704.0,14
8705.0,12
8706.0,13
8707.0,12
8708.0,6
8709.0,4
8710.0,21
8711.0,8
8712.0,13
8713.0,7
8714.0,14
8715.0,20
8716.0,9
8717.0,8
8718.0,5
8719.0,15
8720.0,20
8721.0,10
8722.0,17
8723.0,17
8724.0,15
8725.0,12
8726.0,8
8727.0,17
8728.0,33
8729.0,12
8730.0,15
8731.0,7
8732.0,6
8733.0,9
8734.0,6
8735.0,9
8736.0,7
8737.0,4
8738.0,15
8739.0,11
8740.0,19
8741.0,18
8742.0,24
8743.0,16
8744.0,22
8745.0,25
8746.0,15
8747.0,16
8748.0,18
8749.0,9
8750.0,11
8751.0,18
8752.0,15
8753.0,8
8754.0,17
8755.0,26
8756.0,5
8757.0,12
8758.0,4
8759.0,6
8760.0,15
8761.0,18
8762.0,18
8763.0,8
8764.0,11
8765.0,13
8766.0,24
8767.0,12
8768.0,11
8769.0,24
8770.0,25
8771.0,17
8772.0,6
8773.0,5
8774.0,17
8775.0,20
8776.0,10
8777.0,13
8778.0,25
8779.0,11
8780.0,15
8781.0,14
8782.0,15
8783.0,17
8784.0,9
8785.0,20
8786.0,4
8787.0,6
8788.0,13
8789.0,2
8790.0,12
8791.0,2
8792.0,11
8793.0,8
8794.0,9
8795.0,18
8796.0,11
8797.0,3
8798.0,11
8799.0,4
8800.0,14
8801.0,8
8802.0,11
8803.0,5
8804.0,4
8805.0,4
8806.0,9
8807.0,12
8808.0,11
8809.0,2
8810.0,17
8811.0,7
8812.0,5
8813.0,5
8814.0,12
8815.0,11
8816.0,12
8817.0,4
8818.0,4
8819.0,12
8820.0,16
8821.0,2
8822.0,9
8823.0,8
8824.0,21
8825.0,20
8826.0,16
8827.0,7
8828.0,8
8829.0,10
8830.0,22
8831.0,15
8832.0,8
8833.0,2
8834.0,21
8835.0,19
8836.0,9
8837.0,16
8838.0,19
8839.0,13
8840.0,28
8841.0,9
8842.0,26
8843.0,12
8844.0,14
8845.0,18
8846.0,10
8847.0,26
8848.0,21
8849.0,15
8850.0,13
8851.0,10
8852.0,3
8853.0,10
8854.0,2
8855.0,6
8856.0,3
8857.0,22
8858.0,31
8859.0,40
8860.0,14
8861.0,14
8862.0,23
8863.0,11
8864.0,6
8865.0,7
8866.0,13
8867.0,3
8868.0,9
8869.0,37
8870.0,11
8871.0,14
8872.0,7
8873.0,8
8874.0,7
8875.0,8
8876.0,11
8877.0,4
8878.0,5
8879.0,5
8880.0,10
8881.0,7
8882.0,4
8883.0,9
8884.0,12
8885.0,10
8886.0,4
8887.0,7
8888.0,11
8889.0,15
8890.0,13
8891.0,26
8892.0,21
8893.0,11
8894.0,6
8895.0,20
8896.0,15
8897.0,17
8898.0,8
8899.0,24
8900.0,30
8901.0,12
8902.0,8
8903.0,17
8904.0,23
8905.0,19
8906.0,6
8907.0,13
8908.0,20
8909.0,7
8910.0,10
8911.0,8
8912.0,3
8913.0,7
8914.0,4
8915.0,12
8916.0,6
8917.0,24
8918.0,16
8919.0,55
8920.0,25
8921.0,18
8922.0,13
8923.0,2
8924.0,7
8925.0,8
8926.0,9
8927.0,10
8928.0,7
8929.0,8
8930.0,9
8931.0,12
8932.0,20
8933.0,6
8934.0,16
8935.0,10
8936.0,9
8937.0,5
8938.0,7
8939.0,8
8940.0,18
8941.0,9
8942.0,4
8943.0,2
8944.0,5
8945.0,28
8946.0,18
8947.0,72
8948.0,10
8949.0,17
8950.0,25
8951.0,11
8952.0,32
8953.0,30
8954.0,18
8955.0,45
8956.0,43
8957.0,20
8958.0,16
8959.0,26
8960.0,36
8961.0,16
8962.0,18
8963.0,16
8964.0,19
8965.0,14
8966.0,17
8967.0,14
8968.0,20
8969.0,53
8970.0,16
8971.0,25
8972.0,21
8973.0,11
8974.0,22
8975.0,25
8976.0,20
8977.0,17
8978.0,28
8979.0,15
8980.0,29
8981.0,32
8982.0,33
8983.0,22
8984.0,32
8985.0,18
8986.0,24
8987.0,27
8988.0,22
8989.0,14
8990.0,24
8991.0,27
8992.0,19
8993.0,15
8994.0,24
8995.0,33
8996.0,12
8997.0,12
8998.0,14
8999.0,19
9000.0,19
9001.0,12
9002.0,14
9003.0,14
9004.0,14
9005.0,8
9006.0,11
9007.0,13
9008.0,21
9009.0,2
9010.0,25
9011.0,25
9012.0,11
9013.0,11
9014.0,17
9015.0,16
9016.0,6
9017.0,27
9018.0,18
9019.0,19
9020.0,23
9021.0,25
9022.0,17
9023.0,24
9024.0,10
9025.0,28
9026.0,13
9027.0,16
9028.0,23
9029.0,6
9030.0,11
9031.0,13
9032.0,7
9033.0,33
9034.0,12
9035.0,10
9036.0,13
9037.0,6
9038.0,9
9039.0,6
9040.0,28
9041.0,9
9042.0,33
9043.0,7
9044.0,11
9045.0,12
9046.0,11
9047.0,10
9048.0,9
9049.0,8
9050.0,18
9051.0,15
9052.0,3
9053.0,8
9054.0,18
9055.0,15
9056.0,14
9057.0,15
9058.0,6
9059.0,10
9060.0,11
9061.0,8
9062.0,11
9063.0,8
9064.0,9
9065.0,15
9066.0,12
9067.0,13
9068.0,11
9069.0,6
9070.0,24
9071.0,16
9072.0,14
9073.0,3
9074.0,9
9075.0,23
9076.0,13
9077.0,17
9078.0,5
9079.0,4
9080.0,26
9081.0,9
9082.0,10
9083.0,15
9084.0,6
9085.0,11
9086.0,3
9087.0,15
9088.0,22
9089.0,9
9090.0,18
9091.0,7
9092.0,2
9093.0,3
9094.0,4
9095.0,12
9096.0,6
9097.0,1
9098.0,12
9099.0,11
9100.0,16
9101.0,12
9102.0,25
9103.0,14
9104.0,11
9105.0,4
9106.0,11
9107.0,6
9108.0,10
9109.0,2
9110.0,11
9111.0,9
9112.0,8
9113.0,2
9114.0,12
9115.0,9
9116.0,9
9117.0,15
9118.0,7
9119.0,5
9120.0,11
9121.0,3
9122.0,10
9123.0,6
9124.0,3
9125.0,11
9126.0,3
9127.0,13
9128.0,3
9129.0,5
9130.0,23
9131.0,19
9132.0,11
9133.0,11
9134.0,8
9135.0,12
9136.0,21
9137.0,17
9138.0,21
9139.0,12
9140.0,28
9141.0,11
9142.0,9
9143.0,10
9144.0,15
9145.0,10
9146.0,15
9147.0,18
9148.0,15
9149.0,12
9150.0,19
9151.0,6
9152.0,4
9153.0,9
9154.0,6
9155.0,21
9156.0,8
9157.0,6
9158.0,7
9159.0,6
9160.0,21
9161.0,6
9162.0,19
9163.0,11
9164.0,8
9165.0,12
9166.0,14
9167.0,21
9168.0,6
9169.0,9
9170.0,16
9171.0,17
9172.0,4
9173.0,3
9174.0,9
9175.0,12
9176.0,18
9177.0,8
9178.0,9
9179.0,16
9180.0,21
9181.0,2
9182.0,13
9183.0,5
9184.0,12
9185.0,13
9186.0,11
9187.0,8
9188.0,10
9189.0,3
9190.0,19
9191.0,12
9192.0,59
9193.0,33
9194.0,49
9195.0,54
9196.0,59
9197.0,46
9198.0,48
9199.0,53
9200.0,44
9201.0,2
9202.0,17
9203.0,29
9204.0,17
9205.0,19
9206.0,27
9207.0,12
9208.0,31
9209.0,9
9210.0,20
9211.0,3
9212.0,17
9213.0,9
9214.0,12
9215.0,20
9216.0,7
9217.0,6
9218.0,20
9219.0,5
9220.0,10
9221.0,16
9222.0,32
9224.0,3
9225.0,6
9226.0,16
9227.0,6
9228.0,6
9229.0,5
9230.0,13
9231.0,14
9232.0,7
9233.0,10
9234.0,20
9235.0,12
9236.0,10
9237.0,4
9238.0,13
9239.0,15
9240.0,23
9241.0,10
9242.0,14
9243.0,9
9244.0,8
9245.0,11
9246.0,12
9247.0,11
9248.0,18
9249.0,3
9250.0,18
9251.0,12
9252.0,9
9253.0,5
9254.0,15
9255.0,10
9256.0,13
9257.0,14
9258.0,22
9259.0,18
9260.0,21
9261.0,20
9262.0,14
9263.0,24
9264.0,18
9265.0,26
9266.0,11
9267.0,9
9268.0,25
9269.0,3
9270.0,20
9271.0,3
9272.0,6
9273.0,5
9274.0,10
9275.0,13
9276.0,10
9277.0,14
9278.0,10
9279.0,13
9280.0,30
9281.0,3
9282.0,18
9283.0,12
9284.0,7
9285.0,5
9286.0,20
9287.0,7
9288.0,7
9289.0,14
9290.0,15
9291.0,17
9292.0,15
9293.0,8
9294.0,19
9295.0,12
9296.0,5
9297.0,11
9298.0,27
9299.0,8
9300.0,10
9301.0,13
9302.0,7
9303.0,8
9304.0,5
9305.0,7
9306.0,17
9307.0,8
9308.0,6
9309.0,3
9310.0,16
9311.0,5
9312.0,3
9313.0,1
9314.0,15
9315.0,8
9316.0,4
9317.0,7
9318.0,8
9319.0,5
9320.0,20
9321.0,2
9322.0,4
9323.0,5
9324.0,6
9325.0,13
9326.0,3
9327.0,9
9328.0,21
9330.0,13
9331.0,7
9332.0,4
9333.0,1
9334.0,5
9335.0,7
9336.0,6
9337.0,9
9338.0,12
9339.0,14
9340.0,18
9341.0,8
9342.0,22
9343.0,13
9344.0,8
9345.0,13
9346.0,12
9347.0,14
9348.0,13
9349.0,1
9350.0,15
9351.0,13
9352.0,12
9353.0,4
9354.0,16
9355.0,16
9356.0,12
9357.0,7
9358.0,12
9359.0,17
9360.0,17
9361.0,5
9362.0,8
9363.0,10
9364.0,14
9365.0,5
9366.0,7
9367.0,8
9368.0,27
9369.0,21
9370.0,13
9371.0,15
9372.0,1
9373.0,25
9374.0,24
9375.0,7
9376.0,12
9377.0,11
9378.0,26
9379.0,17
9380.0,43
9381.0,2
9382.0,17
9383.0,3
9384.0,8
9385.0,8
9386.0,8
9387.0,8
9388.0,15
9389.0,9
9390.0,33
9391.0,7
9392.0,9
9393.0,14
9394.0,10
9395.0,13
9396.0,7
9397.0,6
9398.0,9
9399.0,9
9400.0,21
9401.0,24
9402.0,19
9403.0,13
9404.0,6
9405.0,15
9406.0,13
9407.0,11
9408.0,11
9409.0,3
9410.0,17
9411.0,15
9412.0,17
9413.0,6
9414.0,9
9415.0,9
9416.0,10
9417.0,8
9418.0,9
9419.0,14
9420.0,8
9421.0,21
9422.0,10
9423.0,9
9424.0,9
9425.0,9
9426.0,13
9427.0,3
9428.0,9
9429.0,8
9430.0,17
9431.0,10
9432.0,8
9433.0,6
9434.0,15
9435.0,15
9436.0,12
9437.0,10
9438.0,8
9439.0,8
9440.0,23
9441.0,16
9442.0,11
9443.0,12
9444.0,8
9445.0,13
9446.0,14
9447.0,11
9448.0,19
9449.0,2
9450.0,17
9451.0,3
9452.0,9
9453.0,4
9454.0,16
9455.0,24
9456.0,3
9457.0,9
9458.0,10
9459.0,10
9460.0,14
9461.0,10
9462.0,34
9463.0,3
9464.0,7
9465.0,3
9466.0,10
9467.0,7
9468.0,4
9469.0,3
9470.0,10
9471.0,7
9472.0,13
9473.0,5
9474.0,14
9475.0,15
9476.0,3
9477.0,6
9478.0,7
9479.0,7
9480.0,14
9481.0,6
9482.0,6
9483.0,16
9484.0,15
9485.0,7
9486.0,28
9487.0,12
9488.0,21
9489.0,19
9490.0,26
9491.0,33
9492.0,11
9493.0,12
9494.0,29
9495.0,26
9496.0,22
9497.0,16
9498.0,30
9499.0,31
9500.0,39
9501.0,13
9502.0,33
9503.0,16
9504.0,21
9505.0,15
9506.0,23
9507.0,23
9508.0,20
9509.0,12
9510.0,27
9511.0,13
9512.0,9
9513.0,23
9514.0,9
9515.0,27
9516.0,21
9517.0,20
9518.0,16
9519.0,19
9520.0,29
9521.0,9
9522.0,14
9523.0,13
9524.0,9
9525.0,11
9526.0,23
9527.0,11
9528.0,21
9529.0,16
9530.0,19
9531.0,20
9532.0,6
9533.0,1
9534.0,13
9535.0,25
9536.0,9
9537.0,6
9538.0,3
9539.0,16
9540.0,12
9541.0,11
9542.0,7
9543.0,7
9544.0,13
9545.0,6
9546.0,10
9547.0,7
9548.0,9
9549.0,6
9550.0,22
9551.0,4
9552.0,4
9553.0,6
9554.0,11
9555.0,15
9556.0,6
9557.0,10
9558.0,5
9559.0,13
9560.0,15
9561.0,6
9562.0,12
9563.0,7
9564.0,8
9565.0,17
9566.0,6
9567.0,11
9568.0,21
9569.0,3
9570.0,18
9571.0,6
9572.0,19
9573.0,12
9574.0,9
9575.0,10
9576.0,6
9577.0,7
9578.0,11
9579.0,3
9580.0,17
9581.0,17
9582.0,20
9583.0,9
9584.0,9
9585.0,9
9586.0,12
9587.0,20
9588.0,10
9589.0,12
9590.0,12
9591.0,10
9592.0,11
9593.0,14
9594.0,18
9595.0,13
9596.0,11
9597.0,6
9598.0,14
9599.0,14
9600.0,10
9601.0,7
9602.0,11
9603.0,25
9604.0,11
9605.0,20
9606.0,10
9607.0,31
9608.0,14
9609.0,16
9610.0,28
9611.0,20
9612.0,10
9613.0,8
9614.0,21
9615.0,15
9616.0,13
9617.0,7
9618.0,20
9619.0,17
9620.0,26
9621.0,6
9622.0,9
9623.0,6
9624.0,25
9625.0,15
9626.0,8
9627.0,11
9628.0,14
9629.0,3
9630.0,12
9631.0,7
9632.0,4
9633.0,3
9634.0,5
9635.0,5
9636.0,4
9637.0,3
9638.0,6
9639.0,13
9640.0,17
9641.0,2
9642.0,12
9643.0,9
9644.0,3
9645.0,7
9646.0,6
9647.0,4
9648.0,6
9649.0,6
9650.0,15
9651.0,4
9652.0,2
9653.0,3
9654.0,6
9655.0,9
9656.0,8
9657.0,5
9658.0,3
9659.0,2
9660.0,8
9661.0,2
9662.0,7
9663.0,3
9664.0,2
9665.0,3
9666.0,6
9667.0,3
9668.0,2
9669.0,4
9670.0,15
9671.0,3
9672.0,3
9673.0,4
9674.0,8
9675.0,12
9676.0,2
9677.0,4
9678.0,10
9679.0,6
9680.0,17
9681.0,10
9682.0,6
9683.0,12
9684.0,7
9685.0,13
9686.0,15
9687.0,22
9688.0,26
9689.0,18
9690.0,18
9691.0,10
9692.0,9
9693.0,6
9694.0,8
9695.0,6
9696.0,11
9697.0,12
9698.0,10
9699.0,9
9700.0,17
9701.0,13
9702.0,21
9703.0,8
9704.0,19
9705.0,11
9706.0,19
9707.0,13
9708.0,8
9709.0,7
9710.0,14
9711.0,9
9712.0,21
9713.0,17
9714.0,19
9715.0,15
9716.0,14
9717.0,7
9718.0,9
9719.0,4
9720.0,19
9721.0,6
9722.0,8
9723.0,6
9724.0,8
9725.0,9
9726.0,14
9727.0,12
9728.0,1
9729.0,1
9730.0,16
9731.0,8
9732.0,5
9733.0,20
9734.0,16
9735.0,9
9736.0,8
9737.0,5
9738.0,12
9739.0,12
9740.0,11
9741.0,10
9742.0,7
9743.0,5
9744.0,8
9745.0,13
9746.0,17
9747.0,6
9748.0,18
9749.0,12
9750.0,19
9751.0,10
9752.0,1
9753.0,5
9754.0,9
9755.0,13
9756.0,8
9757.0,4
9758.0,9
9759.0,9
9760.0,11
9761.0,16
9762.0,10
9763.0,7
9764.0,8
9765.0,14
9766.0,7
9767.0,10
9768.0,12
9769.0,33
9770.0,14
9771.0,6
9772.0,15
9773.0,5
9774.0,8
9775.0,11
9776.0,13
9777.0,8
9778.0,8
9779.0,10
9780.0,7
9781.0,16
9782.0,12
9783.0,3
9784.0,12
9785.0,14
9786.0,4
9787.0,4
9788.0,7
9789.0,11
9790.0,17
9791.0,4
9792.0,6
9793.0,10
9794.0,14
9795.0,21
9796.0,2
9797.0,1
9798.0,4
9799.0,9
9800.0,18
9801.0,6
9802.0,16
9803.0,7
9804.0,9
9805.0,13
9806.0,5
9807.0,8
9808.0,19
9809.0,3
9810.0,14
9811.0,6
9812.0,4
9813.0,5
9814.0,5
9815.0,5
9816.0,3
9817.0,3
9818.0,6
9819.0,12
9820.0,13
9821.0,20
9822.0,27
9823.0,9
9824.0,7
9825.0,8
9826.0,8
9827.0,7
9828.0,23
9829.0,8
9830.0,15
9831.0,6
9832.0,4
9833.0,1
9834.0,12
9835.0,13
9836.0,6
9837.0,20
9838.0,10
9839.0,2
9840.0,9
9841.0,7
9842.0,5
9843.0,4
9844.0,9
9845.0,11
9846.0,9
9847.0,10
9848.0,8
9849.0,8
9850.0,17
9851.0,23
9852.0,8
9853.0,9
9854.0,10
9855.0,17
9856.0,7
9857.0,8
9858.0,17
9859.0,7
9860.0,13
9861.0,4
9862.0,8
9863.0,5
9864.0,12
9865.0,17
9866.0,3
9867.0,11
9868.0,26
9869.0,4
9870.0,15
9871.0,4
9872.0,9
9873.0,12
9874.0,23
9875.0,10
9876.0,8
9877.0,8
9878.0,3
9879.0,13
9880.0,25
9881.0,18
9882.0,7
9883.0,14
9884.0,17
9885.0,13
9886.0,5
9887.0,10
9888.0,9
9889.0,11
9890.0,13
9891.0,16
9892.0,5
9893.0,2
9894.0,7
9895.0,12
9896.0,9
9897.0,15
9898.0,3
9899.0,11
9900.0,12
9901.0,14
9902.0,16
9903.0,11
9904.0,7
9905.0,5
9906.0,29
9907.0,7
9908.0,8
9909.0,7
9910.0,28
9911.0,7
9912.0,15
9913.0,13
9914.0,14
9915.0,11
9916.0,5
9917.0,9
9918.0,11
9919.0,6
9920.0,21
9921.0,10
9922.0,8
9923.0,29
9924.0,8
9925.0,17
9926.0,11
9927.0,11
9928.0,33
9929.0,14
9930.0,32
9931.0,14
9932.0,17
9933.0,10
9934.0,11
9935.0,5
9936.0,10
9937.0,14
9938.0,20
9939.0,8
9940.0,23
9941.0,24
9942.0,32
9943.0,19
9944.0,9
9945.0,20
9946.0,12
9947.0,16
9948.0,19
9949.0,13
9950.0,11
9951.0,9
9952.0,14
9953.0,17
9954.0,25
9955.0,19
9956.0,17
9957.0,20
9958.0,12
9959.0,15
9960.0,15
9961.0,15
9962.0,12
9963.0,11
9964.0,24
9965.0,19
9966.0,22
9967.0,8
9968.0,22
9969.0,11
9970.0,25
9971.0,16
9972.0,11
9973.0,4
9974.0,6
9975.0,13
9976.0,5
9977.0,16
9978.0,23
9979.0,13
9980.0,22
9981.0,6
9982.0,12
9983.0,9
9984.0,22
9985.0,20
9986.0,11
9987.0,12
9988.0,31
9989.0,13
9990.0,14
9991.0,9
9992.0,4
9993.0,4
9994.0,15
9995.0,18
9996.0,7
9997.0,10
9998.0,14
9999.0,23
10000.0,20
10001.0,5
10002.0,14
10003.0,19
10004.0,22
10005.0,21
10006.0,6
10007.0,6
10008.0,9
10009.0,16
10010.0,19
10011.0,7
10012.0,18
10013.0,20
10014.0,4
10015.0,13
10016.0,10
10017.0,4
10018.0,3
10019.0,7
10020.0,8
10021.0,12
10022.0,5
10023.0,4
10024.0,9
10025.0,2
10026.0,6
10027.0,5
10028.0,7
10029.0,1
10030.0,18
10031.0,7
10032.0,5
10033.0,4
10034.0,9
10035.0,14
10036.0,7
10038.0,9
10039.0,10
10040.0,20
10041.0,3
10042.0,10
10043.0,9
10044.0,9
10045.0,9
10046.0,5
10047.0,13
10048.0,21
10049.0,6
10050.0,11
10051.0,9
10052.0,9
10053.0,6
10054.0,4
10055.0,8
10056.0,10
10057.0,11
10058.0,6
10059.0,2
10060.0,20
10061.0,27
10062.0,49
10063.0,9
10064.0,11
10065.0,9
10066.0,10
10067.0,5
10068.0,11
10069.0,8
10070.0,15
10071.0,8
10072.0,14
10073.0,4
10074.0,10
10075.0,18
10076.0,11
10077.0,6
10078.0,3
10079.0,7
10080.0,12
10081.0,11
10082.0,4
10083.0,3
10084.0,4
10085.0,4
10086.0,5
10087.0,9
10088.0,8
10090.0,19
10091.0,14
10092.0,11
10093.0,3
10094.0,11
10095.0,13
10096.0,7
10097.0,10
10098.0,17
10099.0,9
10100.0,22
10101.0,2
10102.0,17
10103.0,9
10104.0,11
10105.0,14
10106.0,10
10107.0,14
10108.0,17
10109.0,8
10110.0,27
10111.0,13
10112.0,14
10113.0,4
10114.0,11
10115.0,5
10116.0,21
10117.0,6
10118.0,11
10119.0,6
10120.0,22
10121.0,16
10122.0,17
10123.0,13
10124.0,14
10125.0,19
10126.0,18
10127.0,9
10128.0,15
10129.0,17
10130.0,14
10131.0,8
10132.0,17
10133.0,7
10134.0,12
10135.0,16
10136.0,10
10137.0,24
10138.0,8
10139.0,5
10140.0,17
10141.0,5
10142.0,5
10143.0,3
10144.0,7
10145.0,10
10146.0,3
10147.0,8
10148.0,25
10149.0,5
10150.0,14
10151.0,4
10152.0,11
10153.0,5
10154.0,10
10155.0,15
10156.0,9
10157.0,5
10158.0,7
10159.0,12
10160.0,15
10161.0,8
10162.0,10
10163.0,24
10164.0,10
10165.0,14
10166.0,10
10167.0,19
10168.0,22
10169.0,7
10170.0,12
10171.0,9
10172.0,9
10173.0,10
10174.0,9
10175.0,23
10176.0,17
10177.0,25
10178.0,15
10179.0,16
10180.0,28
10181.0,15
10182.0,45
10183.0,17
10184.0,23
10185.0,13
10186.0,29
10187.0,4
10188.0,15
10189.0,15
10190.0,14
10191.0,26
10192.0,25
10193.0,23
10194.0,14
10195.0,26
10196.0,20
10197.0,10
10198.0,14
10199.0,2
10200.0,18
10201.0,18
10202.0,14
10203.0,8
10204.0,13
10205.0,9
10206.0,14
10207.0,13
10208.0,5
10209.0,18
10210.0,32
10211.0,12
10212.0,27
10213.0,3
10214.0,6
10215.0,10
10216.0,12
10217.0,13
10218.0,11
10219.0,14
10220.0,23
10221.0,12
10222.0,16
10223.0,15
10224.0,7
10225.0,26
10226.0,10
10227.0,23
10228.0,14
10229.0,5
10230.0,21
10231.0,7
10232.0,21
10233.0,12
10234.0,16
10235.0,12
10236.0,18
10237.0,19
10238.0,19
10239.0,9
10240.0,25
10241.0,20
10242.0,15
10243.0,14
10244.0,10
10245.0,11
10246.0,14
10247.0,6
10248.0,15
10249.0,14
10250.0,11
10251.0,5
10252.0,13
10253.0,10
10254.0,11
10255.0,25
10256.0,3
10257.0,4
10258.0,14
10259.0,8
10260.0,16
10261.0,13
10262.0,11
10263.0,7
10264.0,11
10265.0,15
10266.0,8
10267.0,12
10268.0,6
10269.0,8
10270.0,20
10271.0,10
10272.0,19
10273.0,9
10274.0,9
10275.0,14
10276.0,4
10277.0,13
10278.0,14
10279.0,12
10280.0,20
10281.0,8
10282.0,8
10283.0,13
10284.0,6
10285.0,17
10286.0,10
10287.0,21
10288.0,20
10289.0,11
10290.0,19
10291.0,12
10292.0,16
10293.0,6
10294.0,6
10295.0,20
10296.0,23
10297.0,48
10298.0,38
10299.0,8
10300.0,39
10301.0,16
10302.0,34
10303.0,17
10304.0,18
10305.0,17
10306.0,19
10307.0,10
10308.0,25
10309.0,10
10310.0,17
10311.0,8
10312.0,20
10313.0,18
10314.0,9
10315.0,18
10316.0,15
10317.0,10
10318.0,19
10319.0,10
10320.0,16
10321.0,9
10322.0,9
10323.0,14
10324.0,16
10325.0,14
10326.0,13
10327.0,6
10328.0,2
10329.0,8
10330.0,9
10331.0,24
10332.0,8
10333.0,4
10334.0,11
10335.0,17
10336.0,8
10337.0,14
10338.0,14
10339.0,14
10340.0,29
10341.0,19
10342.0,35
10343.0,18
10344.0,30
10345.0,40
10346.0,16
10347.0,7
10348.0,18
10349.0,20
10350.0,14
10351.0,11
10352.0,11
10353.0,5
10354.0,5
10355.0,21
10356.0,9
10357.0,10
10358.0,13
10359.0,8
10360.0,21
10361.0,10
10362.0,7
10363.0,9
10364.0,11
10365.0,16
10366.0,11
10367.0,5
10368.0,19
10369.0,9
10370.0,11
10371.0,21
10372.0,5
10373.0,16
10374.0,13
10375.0,13
10376.0,2
10377.0,4
10378.0,10
10379.0,12
10380.0,12
10381.0,15
10382.0,15
10383.0,15
10384.0,6
10385.0,16
10386.0,7
10387.0,10
10388.0,3
10389.0,2
10390.0,25
10391.0,43
10392.0,48
10393.0,82
10394.0,30
10395.0,32
10396.0,35
10397.0,17
10398.0,17
10399.0,36
10400.0,29
10401.0,31
10402.0,23
10403.0,23
10404.0,22
10405.0,28
10406.0,18
10407.0,24
10408.0,28
10409.0,14
10410.0,14
10411.0,37
10412.0,14
10413.0,20
10414.0,35
10415.0,30
10416.0,14
10417.0,19
10418.0,43
10419.0,32
10420.0,40
10421.0,26
10422.0,36
10423.0,25
10424.0,17
10425.0,14
10426.0,26
10427.0,20
10428.0,2
10429.0,16
10430.0,18
10431.0,14
10432.0,6
10433.0,8
10434.0,13
10435.0,17
10436.0,18
10437.0,9
10438.0,5
10439.0,3
10440.0,12
10441.0,9
10442.0,10
10443.0,15
10444.0,9
10445.0,8
10446.0,4
10447.0,12
10448.0,10
10449.0,2
10450.0,15
10451.0,25
10452.0,5
10453.0,5
10454.0,7
10455.0,28
10456.0,11
10457.0,15
10458.0,21
10459.0,10
10460.0,16
10461.0,9
10462.0,9
10463.0,9
10464.0,4
10465.0,16
10466.0,10
10467.0,20
10468.0,23
10469.0,7
10470.0,16
10471.0,21
10472.0,7
10473.0,18
10474.0,10
10475.0,27
10476.0,29
10477.0,6
10478.0,10
10479.0,11
10480.0,36
10481.0,13
10482.0,21
10483.0,8
10484.0,11
10485.0,27
10486.0,10
10487.0,13
10488.0,9
10489.0,33
10490.0,22
10491.0,18
10492.0,13
10493.0,13
10494.0,13
10495.0,34
10496.0,20
10497.0,7
10498.0,8
10499.0,13
10500.0,16
10501.0,12
10502.0,8
10503.0,21
10504.0,12
10505.0,4
10506.0,9
10507.0,25
10508.0,8
10509.0,11
10510.0,26
10511.0,9
10512.0,4
10513.0,14
10514.0,8
10515.0,15
10516.0,16
10518.0,16
10519.0,17
10520.0,22
10521.0,14
10522.0,6
10523.0,11
10524.0,7
10525.0,17
10526.0,7
10527.0,18
10528.0,22
10529.0,14
10530.0,11
10531.0,8
10532.0,3
10533.0,3
10534.0,7
10535.0,8
10536.0,12
10537.0,21
10538.0,14
10539.0,29
10540.0,18
10541.0,10
10542.0,35
10543.0,11
10544.0,19
10545.0,8
10546.0,9
10547.0,10
10548.0,2
10549.0,1
10550.0,10
10551.0,7
10552.0,14
10553.0,10
10554.0,8
10555.0,16
10556.0,6
10557.0,7
10558.0,5
10559.0,8
10560.0,17
10561.0,8
10562.0,17
10563.0,13
10564.0,9
10565.0,10
10566.0,16
10567.0,7
10568.0,7
10569.0,7
10570.0,17
10571.0,23
10572.0,18
10573.0,5
10574.0,15
10575.0,38
10576.0,13
10577.0,13
10578.0,16
10579.0,17
10580.0,26
10581.0,13
10582.0,19
10583.0,7
10584.0,6
10585.0,14
10586.0,17
10587.0,25
10588.0,28
10589.0,10
10590.0,21
10591.0,6
10592.0,18
10593.0,13
10594.0,18
10595.0,35
10596.0,15
10597.0,6
10598.0,6
10599.0,20
10600.0,20
10601.0,10
10602.0,6
10603.0,3
10604.0,7
10605.0,8
10606.0,11
10607.0,9
10608.0,6
10609.0,3
10610.0,13
10611.0,6
10612.0,13
10613.0,5
10614.0,7
10615.0,12
10616.0,12
10617.0,7
10618.0,6
10619.0,16
10620.0,12
10621.0,2
10622.0,7
10623.0,6
10624.0,7
10625.0,11
10626.0,6
10627.0,8
10628.0,4
10629.0,4
10630.0,16
10631.0,8
10632.0,8
10633.0,2
10634.0,12
10635.0,11
10636.0,11
10637.0,3
10638.0,7
10639.0,21
10640.0,21
10641.0,12
10642.0,12
10643.0,13
10644.0,21
10645.0,34
10646.0,10
10647.0,20
10648.0,24
10649.0,9
10650.0,25
10651.0,13
10652.0,23
10653.0,16
10654.0,15
10655.0,9
10656.0,22
10657.0,12
10658.0,17
10659.0,14
10660.0,17
10661.0,25
10662.0,25
10663.0,14
10664.0,10
10665.0,19
10666.0,16
10667.0,16
10668.0,19
10669.0,7
10670.0,15
10671.0,15
10672.0,5
10673.0,11
10674.0,11
10675.0,18
10676.0,14
10677.0,11
10678.0,17
10679.0,11
10680.0,18
10681.0,16
10682.0,18
10683.0,10
10684.0,8
10685.0,5
10686.0,28
10687.0,4
10688.0,14
10689.0,6
10690.0,20
10691.0,17
10692.0,11
10693.0,9
10694.0,19
10695.0,15
10696.0,16
10697.0,13
10698.0,24
10699.0,17
10700.0,22
10701.0,13
10702.0,15
10703.0,17
10704.0,12
10705.0,8
10706.0,27
10707.0,8
10708.0,21
10709.0,14
10710.0,16
10711.0,10
10712.0,11
10713.0,6
10714.0,7
10715.0,13
10716.0,6
10717.0,8
10718.0,16
10719.0,10
10720.0,13
10721.0,17
10722.0,11
10723.0,7
10724.0,11
10725.0,5
10726.0,12
10727.0,19
10728.0,16
10729.0,13
10730.0,21
10731.0,7
10732.0,5
10733.0,8
10734.0,12
10735.0,18
10736.0,4
10737.0,3
10738.0,6
10739.0,15
10740.0,10
10741.0,4
10742.0,7
10743.0,8
10744.0,11
10745.0,14
10746.0,6
10747.0,6
10748.0,16
10749.0,5
10750.0,28
10751.0,13
10752.0,9
10753.0,23
10754.0,16
10755.0,17
10756.0,10
10757.0,12
10758.0,3
10759.0,12
10760.0,18
10761.0,6
10762.0,9
10763.0,13
10764.0,13
10765.0,19
10766.0,9
10767.0,7
10768.0,22
10769.0,4
10770.0,18
10771.0,16
10772.0,24
10773.0,8
10774.0,12
10775.0,5
10776.0,3
10777.0,8
10778.0,11
10779.0,7
10780.0,15
10781.0,15
10782.0,29
10783.0,6
10784.0,9
10785.0,17
10786.0,8
10787.0,2
10788.0,6
10789.0,8
10790.0,23
10791.0,2
10792.0,9
10794.0,8
10795.0,17
10796.0,7
10797.0,14
10798.0,6
10799.0,15
10800.0,10
10801.0,10
10802.0,6
10803.0,9
10804.0,7
10805.0,3
10806.0,5
10807.0,9
10808.0,12
10809.0,25
10810.0,15
10811.0,8
10812.0,4
10813.0,7
10814.0,19
10815.0,22
10816.0,8
10817.0,8
10818.0,11
10819.0,25
10820.0,38
10821.0,10
10822.0,13
10823.0,16
10824.0,30
10825.0,27
10826.0,20
10827.0,25
10828.0,37
10829.0,20
10830.0,19
10831.0,26
10832.0,11
10833.0,15
10834.0,11
10835.0,14
10836.0,11
10837.0,10
10838.0,9
10839.0,5
10840.0,23
10841.0,15
10842.0,21
10843.0,22
10844.0,9
10845.0,7
10846.0,12
10847.0,5
10848.0,10
10849.0,2
10850.0,22
10851.0,23
10852.0,26
10853.0,14
10854.0,4
10855.0,16
10856.0,11
10857.0,6
10858.0,13
10859.0,12
10860.0,14
10861.0,15
10862.0,21
10863.0,4
10864.0,9
10865.0,12
10866.0,13
10867.0,7
10868.0,19
10869.0,12
10870.0,12
10871.0,20
10872.0,8
10873.0,7
10874.0,33
10875.0,12
10876.0,9
10877.0,13
10878.0,8
10879.0,16
10880.0,21
10881.0,4
10882.0,13
10883.0,15
10884.0,18
10885.0,13
10886.0,12
10887.0,7
10888.0,30
10889.0,12
10890.0,16
10891.0,10
10892.0,5
10893.0,14
10894.0,4
10895.0,18
10896.0,3
10897.0,10
10898.0,9
10899.0,11
10900.0,17
10901.0,13
10902.0,36
10903.0,24
10904.0,12
10905.0,3
10906.0,11
10907.0,10
10908.0,3
10909.0,9
10910.0,10
10911.0,10
10912.0,9
10913.0,9
10914.0,6
10915.0,21
10916.0,5
10917.0,9
10918.0,4
10919.0,6
10920.0,12
10921.0,21
10922.0,18
10923.0,2
10924.0,14
10925.0,17
10926.0,6
10927.0,8
10928.0,6
10929.0,13
10930.0,28
10931.0,22
10932.0,9
10933.0,7
10934.0,21
10935.0,23
10936.0,9
10937.0,13
10938.0,20
10939.0,10
10940.0,25
10941.0,26
10942.0,28
10943.0,18
10944.0,22
10945.0,20
10946.0,13
10947.0,19
10948.0,18
10949.0,18
10950.0,25
10951.0,10
10952.0,8
10953.0,18
10954.0,15
10955.0,6
10956.0,9
10957.0,16
10958.0,19
10959.0,8
10960.0,15
10961.0,10
10962.0,19
10963.0,12
10964.0,9
10965.0,8
10966.0,11
10967.0,19
10968.0,22
10969.0,4
10970.0,21
10971.0,18
10972.0,8
10973.0,7
10974.0,12
10975.0,14
10976.0,9
10977.0,15
10978.0,8
10979.0,11
10980.0,21
10981.0,4
10982.0,9
10983.0,7
10984.0,9
10985.0,9
10986.0,9
10987.0,8
10988.0,13
10989.0,8
10990.0,28
10991.0,8
10992.0,24
10993.0,14
10994.0,17
10995.0,26
10996.0,12
10997.0,24
10998.0,9
10999.0,8
11000.0,22
11001.0,14
11002.0,21
11003.0,19
11004.0,12
11005.0,10
11006.0,25
11007.0,38
11008.0,32
11009.0,16
11010.0,24
11011.0,28
11012.0,10
11013.0,14
11014.0,19
11015.0,9
11016.0,26
11017.0,18
11018.0,27
11019.0,17
11020.0,21
11021.0,29
11022.0,57
11023.0,12
11024.0,22
11025.0,10
11026.0,13
11027.0,22
11028.0,14
11029.0,22
11030.0,14
11031.0,11
11032.0,25
11033.0,17
11034.0,23
11035.0,10
11036.0,19
11037.0,33
11038.0,8
11039.0,17
11040.0,14
11041.0,18
11042.0,21
11043.0,21
11044.0,8
11045.0,6
11046.0,8
11047.0,6
11048.0,6
11049.0,2
11050.0,64
11051.0,13
11052.0,10
11053.0,21
11054.0,24
11055.0,21
11056.0,17
11057.0,13
11058.0,25
11059.0,19
11060.0,36
11061.0,18
11062.0,18
11063.0,12
11064.0,6
11065.0,49
11066.0,6
11067.0,19
11068.0,20
11069.0,12
11070.0,19
11071.0,11
11072.0,11
11073.0,19
11074.0,12
11075.0,11
11076.0,8
11077.0,15
11078.0,15
11079.0,6
11080.0,23
11081.0,12
11082.0,18
11083.0,12
11084.0,23
11085.0,23
11086.0,18
11087.0,2
11088.0,15
11089.0,13
11090.0,16
11091.0,22
11092.0,18
11093.0,9
11094.0,5
11095.0,11
11096.0,27
11097.0,9
11098.0,12
11099.0,13
11100.0,23
11101.0,12
11102.0,8
11103.0,15
11104.0,14
11105.0,18
11106.0,11
11107.0,15
11108.0,13
11109.0,8
11110.0,12
11111.0,9
11112.0,5
11113.0,14
11114.0,13
11115.0,16
11116.0,25
11117.0,16
11118.0,11
11119.0,9
11120.0,15
11121.0,17
11122.0,9
11123.0,12
11124.0,19
11125.0,34
11126.0,12
11127.0,22
11128.0,18
11129.0,35
11130.0,19
11131.0,30
11132.0,16
11133.0,4
11134.0,9
11135.0,8
11136.0,12
11137.0,10
11138.0,11
11139.0,5
11140.0,14
11141.0,30
11142.0,45
11143.0,2
11144.0,8
11145.0,7
11146.0,17
11147.0,4
11148.0,19
11149.0,13
11150.0,17
11151.0,22
11152.0,3
11153.0,15
11154.0,20
11155.0,23
11156.0,11
11157.0,17
11158.0,11
11159.0,10
11160.0,16
11161.0,2
11162.0,8
11163.0,11
11164.0,13
11165.0,17
11166.0,7
11167.0,12
11168.0,5
11170.0,54
11171.0,17
11172.0,15
11173.0,13
11174.0,34
11175.0,26
11176.0,19
11177.0,20
11178.0,22
11179.0,15
11180.0,25
11181.0,15
11182.0,18
11183.0,17
11184.0,40
11185.0,31
11186.0,21
11187.0,29
11188.0,26
11189.0,35
11190.0,31
11191.0,17
11192.0,23
11193.0,23
11194.0,22
11195.0,31
11196.0,26
11197.0,26
11198.0,25
11199.0,16
11200.0,9
11201.0,24
11202.0,26
11203.0,35
11204.0,12
11205.0,19
11206.0,26
11207.0,18
11208.0,17
11209.0,24
11210.0,22
11211.0,28
11212.0,15
11213.0,14
11214.0,11
11215.0,18
11216.0,22
11217.0,12
11218.0,21
11219.0,13
11220.0,16
11221.0,19
11222.0,13
11223.0,22
11224.0,23
11225.0,26
11226.0,16
11227.0,18
11228.0,27
11229.0,14
11230.0,27
11231.0,26
11232.0,17
11233.0,5
11234.0,15
11235.0,26
11236.0,16
11237.0,10
11238.0,10
11239.0,12
11240.0,24
11241.0,10
11242.0,12
11243.0,18
11244.0,19
11245.0,19
11246.0,26
11247.0,18
11248.0,20
11249.0,6
11250.0,14
11251.0,9
11252.0,5
11253.0,7
11254.0,3
11255.0,6
11256.0,9
11257.0,4
11258.0,14
11259.0,12
11260.0,16
11261.0,20
11262.0,34
11263.0,20
11264.0,9
11265.0,6
11266.0,12
11267.0,15
11268.0,12
11269.0,6
11270.0,40
11271.0,7
11272.0,11
11273.0,12
11274.0,3
11275.0,15
11276.0,13
11277.0,20
11278.0,12
11279.0,23
11280.0,37
11281.0,30
11282.0,22
11283.0,40
11284.0,25
11285.0,32
11286.0,13
11287.0,19
11288.0,22
11289.0,29
11290.0,44
11291.0,39
11292.0,33
11293.0,37
11294.0,23
11295.0,30
11296.0,37
11297.0,30
11298.0,25
11299.0,27
11300.0,40
11301.0,34
11302.0,35
11303.0,18
11304.0,11
11305.0,37
11306.0,3
11307.0,50
11308.0,17
11309.0,17
11310.0,20
11311.0,15
11312.0,15
11313.0,12
11314.0,8
11315.0,13
11316.0,13
11317.0,29
11318.0,25
11319.0,14
11320.0,19
11321.0,10
11322.0,25
11323.0,15
11324.0,17
11325.0,14
11326.0,14
11327.0,5
11328.0,31
11329.0,6
11330.0,23
11331.0,22
11332.0,20
11333.0,1
11334.0,38
11335.0,25
11336.0,19
11337.0,17
11338.0,16
11339.0,10
11340.0,29
11341.0,21
11342.0,16
11343.0,20
11344.0,15
11345.0,10
11346.0,18
11347.0,12
11348.0,39
11349.0,22
11350.0,40
11351.0,28
11352.0,13
11353.0,7
11354.0,10
11355.0,22
11356.0,18
11357.0,7
11358.0,24
11359.0,14
11360.0,37
11361.0,21
11362.0,10
11363.0,7
11364.0,9
11365.0,30
11366.0,20
11367.0,9
11368.0,23
11369.0,7
11370.0,30
11371.0,20
11372.0,18
11373.0,12
11374.0,12
11375.0,20
11376.0,13
11377.0,34
11378.0,14
11379.0,36
11380.0,19
11381.0,14
11382.0,33
11383.0,19
11384.0,26
11385.0,20
11386.0,18
11387.0,10
11388.0,12
11389.0,13
11390.0,27
11391.0,8
11392.0,13
11393.0,12
11394.0,32
11395.0,13
11396.0,19
11397.0,22
11398.0,13
11399.0,15
11400.0,27
11401.0,17
11402.0,12
11403.0,12
11404.0,16
11405.0,23
11406.0,13
11407.0,12
11408.0,23
11409.0,10
11410.0,33
11411.0,27
11412.0,12
11413.0,15
11414.0,21
11415.0,17
11416.0,17
11417.0,25
11418.0,29
11419.0,17
11420.0,20
11421.0,15
11422.0,11
11423.0,11
11424.0,13
11425.0,22
11426.0,20
11427.0,37
11428.0,41
11429.0,22
11430.0,24
11431.0,10
11432.0,16
11433.0,20
11434.0,24
11435.0,34
11436.0,33
11437.0,6
11438.0,15
11439.0,15
11440.0,32
11441.0,30
11442.0,19
11443.0,27
11444.0,22
11445.0,14
11446.0,32
11447.0,23
11448.0,20
11449.0,20
11450.0,31
11451.0,30
11452.0,37
11453.0,19
11454.0,23
11455.0,16
11456.0,18
11457.0,13
11458.0,21
11459.0,22
11460.0,12
11461.0,24
11462.0,19
11463.0,11
11464.0,16
11465.0,15
11466.0,14
11467.0,31
11468.0,33
11469.0,15
11470.0,28
11471.0,15
11472.0,22
11473.0,10
11474.0,13
11475.0,22
11476.0,16
11477.0,15
11478.0,25
11479.0,21
11480.0,31
11481.0,12
11482.0,15
11483.0,15
11484.0,15
11485.0,13
11486.0,20
11487.0,7
11488.0,28
11489.0,7
11490.0,19
11491.0,3
11492.0,10
11493.0,8
11494.0,15
11495.0,5
11496.0,6
11497.0,5
11498.0,12
11499.0,9
11500.0,32
11501.0,24
11502.0,21
11503.0,47
11504.0,11
11505.0,19
11506.0,5
11507.0,4
11508.0,3
11509.0,10
11510.0,10
11511.0,13
11512.0,14
11513.0,1
11514.0,15
11515.0,15
11516.0,7
11517.0,17
11518.0,12
11519.0,4
11520.0,16
11521.0,10
11522.0,23
11523.0,4
11524.0,9
11525.0,20
11526.0,10
11527.0,11
11528.0,21
11529.0,9
11530.0,37
11531.0,12
11532.0,15
11533.0,2
11534.0,20
11535.0,15
11536.0,10
11537.0,25
11538.0,27
11539.0,16
11540.0,30
11541.0,11
11542.0,30
11543.0,27
11544.0,12
11545.0,13
11546.0,22
11547.0,16
11548.0,27
11549.0,15
11550.0,23
11551.0,13
11552.0,8
11553.0,22
11554.0,11
11555.0,21
11556.0,3
11557.0,6
11558.0,19
11559.0,8
11560.0,18
11561.0,5
11562.0,7
11563.0,8
11564.0,10
11565.0,10
11566.0,9
11567.0,16
11568.0,21
11569.0,8
11570.0,20
11571.0,8
11572.0,9
11573.0,8
11574.0,27
11575.0,15
11576.0,8
11577.0,19
11578.0,4
11579.0,9
11580.0,8
11581.0,33
11582.0,13
11583.0,16
11584.0,4
11585.0,13
11586.0,10
11587.0,16
11588.0,11
11589.0,16
11590.0,15
11591.0,27
11592.0,28
11593.0,8
11594.0,15
11595.0,17
11596.0,10
11597.0,10
11598.0,6
11599.0,6
11600.0,35
11601.0,6
11602.0,13
11603.0,13
11604.0,32
11605.0,11
11606.0,27
11607.0,12
11608.0,36
11609.0,18
11610.0,33
11611.0,19
11612.0,6
11613.0,20
11614.0,6
11615.0,28
11616.0,7
11617.0,12
11618.0,11
11619.0,18
11620.0,19
11621.0,37
11622.0,7
11623.0,43
11624.0,9
11625.0,23
11626.0,21
11627.0,10
11628.0,19
11629.0,11
11630.0,25
11631.0,19
11632.0,24
11633.0,24
11634.0,25
11635.0,26
11636.0,16
11637.0,13
11638.0,22
11639.0,14
11640.0,10
11641.0,21
11642.0,34
11643.0,6
11644.0,15
11645.0,29
11646.0,12
11647.0,16
11648.0,15
11649.0,6
11650.0,30
11651.0,42
11652.0,25
11653.0,16
11654.0,21
11655.0,21
11656.0,12
11657.0,23
11658.0,1
11659.0,29
11660.0,16
11661.0,15
11662.0,20
11663.0,21
11664.0,12
11665.0,17
11666.0,15
11667.0,22
11668.0,20
11669.0,6
11670.0,24
11671.0,15
11672.0,17
11673.0,29
11674.0,8
11675.0,19
11676.0,30
11677.0,11
11678.0,9
11679.0,18
11680.0,27
11681.0,8
11682.0,9
11683.0,9
11684.0,6
11685.0,5
11686.0,12
11687.0,6
11688.0,8
11689.0,6
11690.0,17
11691.0,18
11692.0,8
11693.0,7
11694.0,4
11695.0,20
11696.0,8
11697.0,5
11698.0,4
11699.0,8
11700.0,9
11701.0,12
11702.0,23
11703.0,4
11704.0,18
11705.0,13
11706.0,11
11707.0,18
11708.0,13
11709.0,10
11710.0,14
11711.0,34
11712.0,7
11713.0,10
11714.0,17
11715.0,19
11716.0,19
11717.0,15
11718.0,11
11719.0,23
11720.0,22
11721.0,16
11722.0,20
11723.0,20
11724.0,14
11725.0,14
11726.0,25
11727.0,21
11728.0,29
11729.0,21
11730.0,16
11731.0,21
11732.0,8
11733.0,9
11734.0,10
11735.0,20
11736.0,6
11737.0,13
11738.0,7
11739.0,6
11740.0,21
11741.0,15
11742.0,27
11743.0,14
11744.0,7
11745.0,12
11746.0,9
11747.0,19
11748.0,16
11749.0,19
11750.0,14
11751.0,12
11752.0,2
11753.0,6
11754.0,6
11755.0,20
11756.0,19
11757.0,8
11758.0,14
11759.0,12
11760.0,13
11761.0,17
11762.0,5
11763.0,16
11764.0,13
11765.0,19
11766.0,7
11767.0,16
11768.0,4
11769.0,3
11770.0,18
11771.0,19
11772.0,13
11773.0,6
11774.0,11
11775.0,9
11776.0,9
11777.0,13
11778.0,25
11779.0,16
11780.0,26
11781.0,9
11782.0,12
11783.0,15
11784.0,9
11785.0,32
11786.0,16
11787.0,14
11788.0,21
11789.0,11
11790.0,12
11791.0,20
11792.0,5
11793.0,15
11794.0,28
11795.0,17
11796.0,13
11797.0,6
11798.0,16
11799.0,16
11800.0,14
11801.0,16
11802.0,27
11803.0,11
11804.0,19
11805.0,13
11806.0,25
11807.0,11
11808.0,15
11809.0,17
11810.0,20
11811.0,16
11812.0,11
11813.0,10
11814.0,14
11815.0,8
11816.0,11
11817.0,10
11818.0,12
11819.0,15
11820.0,13
11821.0,16
11822.0,21
11823.0,21
11824.0,13
11825.0,21
11826.0,11
11827.0,15
11828.0,15
11829.0,13
11830.0,20
11831.0,27
11832.0,30
11833.0,24
11834.0,30
11835.0,14
11836.0,34
11837.0,40
11838.0,27
11839.0,19
11840.0,24
11841.0,17
11842.0,10
11843.0,10
11844.0,19
11845.0,19
11846.0,8
11847.0,12
11848.0,13
11849.0,8
11850.0,41
11851.0,36
11852.0,31
11853.0,11
11854.0,16
11855.0,18
11856.0,15
11857.0,13
11858.0,9
11859.0,14
11860.0,19
11861.0,23
11862.0,26
11863.0,20
11864.0,13
11865.0,27
11866.0,23
11867.0,9
11868.0,19
11869.0,12
11870.0,27
11871.0,15
11872.0,18
11873.0,14
11874.0,19
11875.0,17
11876.0,28
11877.0,15
11878.0,22
11879.0,16
11880.0,14
11881.0,17
11882.0,20
11883.0,22
11884.0,14
11885.0,13
11886.0,7
11887.0,23
11888.0,20
11889.0,2
11890.0,12
11891.0,25
11892.0,34
11893.0,11
11894.0,3
11895.0,6
11896.0,4
11897.0,5
11898.0,40
11899.0,32
11900.0,18
11901.0,10
11902.0,12
11903.0,11
11904.0,11
11905.0,17
11906.0,5
11907.0,9
11908.0,18
11909.0,11
11910.0,10
11911.0,12
11912.0,9
11913.0,5
11914.0,17
11915.0,6
11916.0,6
11917.0,7
11918.0,4
11919.0,8
11920.0,28
11921.0,9
11922.0,13
11923.0,9
11924.0,15
11925.0,7
11926.0,13
11927.0,9
11928.0,14
11929.0,9
11930.0,22
11931.0,20
11932.0,7
11933.0,10
11934.0,8
11935.0,11
11936.0,5
11937.0,12
11938.0,11
11939.0,7
11940.0,7
11941.0,4
11942.0,8
11943.0,6
11944.0,5
11945.0,11
11946.0,15
11947.0,8
11948.0,7
11949.0,5
11950.0,22
11951.0,11
11952.0,17
11953.0,1
11954.0,8
11955.0,13
11956.0,8
11957.0,3
11958.0,7
11959.0,18
11960.0,14
11961.0,8
11962.0,7
11963.0,8
11964.0,8
11965.0,11
11966.0,6
11967.0,6
11968.0,25
11969.0,9
11970.0,17
11971.0,21
11972.0,12
11973.0,12
11974.0,9
11975.0,11
11976.0,3
11977.0,16
11978.0,12
11979.0,8
11980.0,16
11981.0,29
11982.0,40
11983.0,8
11984.0,6
11985.0,10
11986.0,26
11987.0,11
11988.0,9
11989.0,21
11990.0,20
11991.0,16
11992.0,15
11993.0,7
11994.0,17
11995.0,17
11996.0,6
11997.0,24
11998.0,11
11999.0,15
12000.0,13
12001.0,13
12002.0,13
12003.0,9
12004.0,19
12005.0,19
12006.0,18
12007.0,7
12008.0,9
12009.0,5
12010.0,25
12011.0,17
12012.0,8
12013.0,16
12014.0,9
12015.0,20
12016.0,15
12017.0,17
12018.0,10
12019.0,28
12020.0,16
12021.0,8
12022.0,12
12023.0,5
12024.0,6
12025.0,15
12026.0,8
12027.0,16
12028.0,16
12029.0,6
12030.0,13
12031.0,9
12032.0,9
12033.0,2
12034.0,11
12035.0,23
12036.0,7
12037.0,1
12038.0,15
12039.0,5
12040.0,11
12041.0,18
12042.0,15
12043.0,6
12044.0,3
12045.0,12
12046.0,9
12047.0,7
12048.0,3
12049.0,2
12050.0,11
12051.0,19
12052.0,8
12053.0,2
12054.0,13
12055.0,8
12056.0,6
12057.0,29
12058.0,11
12059.0,4
12060.0,15
12061.0,7
12062.0,17
12063.0,7
12064.0,9
12065.0,16
12066.0,16
12067.0,14
12068.0,4
12069.0,5
12070.0,29
12071.0,12
12072.0,3
12073.0,55
12074.0,36
12075.0,86
12076.0,48
12077.0,46
12078.0,53
12079.0,44
12080.0,63
12081.0,38
12082.0,16
12083.0,4
12084.0,12
12085.0,7
12086.0,7
12087.0,3
12088.0,38
12089.0,2
12090.0,16
12091.0,11
12092.0,11
12093.0,5
12094.0,8
12095.0,15
12096.0,4
12097.0,11
12098.0,17
12099.0,5
12100.0,16
12101.0,9
12102.0,1
12103.0,2
12104.0,2
12105.0,2
12106.0,41
12107.0,19
12108.0,9
12109.0,6
12110.0,12
12111.0,12
12112.0,13
12113.0,4
12114.0,11
12115.0,16
12116.0,5
12117.0,4
12118.0,16
12119.0,5
12120.0,10
12121.0,6
12122.0,14
12123.0,30
12124.0,9
12125.0,13
12126.0,4
12127.0,9
12128.0,6
12129.0,4
12130.0,19
12131.0,16
12132.0,13
12133.0,5
12134.0,3
12135.0,13
12136.0,12
12137.0,12
12138.0,15
12139.0,14
12140.0,22
12141.0,13
12142.0,19
12143.0,13
12144.0,16
12145.0,36
12146.0,8
12147.0,19
12148.0,16
12149.0,6
12150.0,15
12151.0,18
12152.0,2
12153.0,4
12154.0,19
12155.0,10
12156.0,7
12157.0,10
12158.0,14
12159.0,12
12160.0,14
12161.0,11
12162.0,13
12163.0,17
12164.0,10
12165.0,14
12166.0,16
12167.0,8
12168.0,6
12169.0,10
12170.0,25
12171.0,15
12172.0,16
12173.0,6
12174.0,18
12175.0,15
12176.0,9
12177.0,10
12178.0,23
12179.0,14
12180.0,19
12181.0,8
12182.0,15
12183.0,16
12184.0,5
12185.0,18
12186.0,6
12187.0,18
12188.0,5
12189.0,9
12190.0,24
12191.0,17
12192.0,10
12193.0,4
12194.0,13
12195.0,11
12196.0,13
12197.0,4
12198.0,17
12199.0,11
12200.0,22
12201.0,12
12202.0,10
12203.0,9
12204.0,4
12205.0,17
12206.0,12
12207.0,13
12208.0,15
12209.0,1
12210.0,12
12211.0,15
12212.0,5
12213.0,12
12214.0,4
12215.0,14
12216.0,5
12217.0,9
12218.0,7
12219.0,13
12220.0,6
12221.0,18
12222.0,38
12223.0,19
12224.0,3
12225.0,9
12226.0,18
12227.0,5
12228.0,3
12229.0,13
12230.0,25
12231.0,17
12232.0,7
12233.0,12
12234.0,13
12235.0,15
12236.0,8
12237.0,20
12238.0,20
12239.0,15
12240.0,28
12241.0,14
12242.0,19
12243.0,9
12244.0,10
12245.0,7
12246.0,14
12247.0,13
12248.0,10
12249.0,3
12250.0,8
12251.0,27
12252.0,11
12253.0,16
12254.0,24
12255.0,14
12256.0,12
12257.0,13
12258.0,13
12259.0,27
12260.0,21
12261.0,13
12262.0,9
12263.0,7
12264.0,8
12265.0,14
12266.0,9
12267.0,12
12268.0,16
12269.0,3
12270.0,12
12271.0,19
12272.0,12
12273.0,8
12274.0,4
12275.0,13
12276.0,20
12277.0,6
12278.0,10
12279.0,10
12280.0,12
12281.0,11
12282.0,8
12283.0,6
12284.0,6
12285.0,24
12286.0,10
12287.0,3
12288.0,5
12289.0,6
12290.0,11
12291.0,12
12292.0,11
12293.0,9
12294.0,11
12295.0,11
12296.0,5
12297.0,13
12298.0,17
12299.0,10
12300.0,13
12301.0,14
12302.0,25
12303.0,7
12304.0,15
12305.0,10
12306.0,6
12307.0,8
12308.0,2
12309.0,5
12310.0,17
12311.0,17
12312.0,3
12313.0,2
12314.0,8
12315.0,13
12316.0,22
12317.0,1
12318.0,13
12319.0,4
12320.0,23
12321.0,13
12322.0,10
12323.0,9
12324.0,9
12325.0,15
12326.0,5
12327.0,7
12328.0,27
12329.0,5
12330.0,20
12331.0,21
12332.0,6
12333.0,8
12334.0,12
12335.0,4
12336.0,5
12337.0,9
12338.0,25
12339.0,13
12340.0,19
12341.0,13
12342.0,32
12343.0,13
12344.0,17
12345.0,20
12346.0,3
12347.0,21
12348.0,7
12349.0,2
12350.0,36
12351.0,20
12352.0,17
12353.0,4
12354.0,16
12355.0,15
12356.0,12
12357.0,15
12358.0,25
12359.0,12
12360.0,20
12361.0,11
12362.0,21
12363.0,7
12364.0,9
12365.0,19
12366.0,6
12367.0,14
12368.0,8
12369.0,8
12370.0,23
12371.0,13
12372.0,8
12373.0,16
12374.0,22
12375.0,22
12376.0,13
12377.0,18
12378.0,9
12379.0,18
12380.0,19
12381.0,8
12382.0,13
12383.0,9
12384.0,12
12385.0,10
12386.0,6
12387.0,5
12388.0,26
12389.0,29
12390.0,14
12391.0,15
12392.0,8
12393.0,12
12394.0,11
12395.0,9
12396.0,9
12397.0,7
12398.0,7
12399.0,6
12400.0,7
12401.0,11
12402.0,10
12403.0,8
12404.0,6
12405.0,7
12406.0,21
12407.0,6
12408.0,8
12409.0,11
12410.0,23
12411.0,18
12412.0,26
12413.0,9
12414.0,15
12415.0,26
12416.0,9
12417.0,7
12418.0,11
12419.0,8
12420.0,8
12421.0,14
12422.0,25
12423.0,9
12424.0,17
12425.0,18
12426.0,17
12427.0,9
12428.0,3
12429.0,9
12430.0,30
12431.0,13
12432.0,5
12433.0,4
12434.0,19
12435.0,20
12436.0,22
12437.0,10
12438.0,12
12439.0,8
12440.0,26
12441.0,19
12442.0,11
12443.0,14
12444.0,5
12445.0,11
12446.0,9
12447.0,8
12448.0,19
12449.0,12
12450.0,14
12451.0,8
12452.0,6
12453.0,5
12454.0,21
12455.0,24
12456.0,22
12457.0,21
12458.0,16
12459.0,16
12460.0,21
12461.0,31
12462.0,21
12463.0,31
12464.0,10
12465.0,17
12466.0,14
12467.0,10
12468.0,11
12469.0,21
12470.0,14
12471.0,18
12472.0,11
12473.0,13
12474.0,17
12475.0,33
12476.0,24
12477.0,19
12478.0,14
12479.0,15
12480.0,18
12481.0,18
12482.0,17
12483.0,5
12484.0,23
12485.0,12
12486.0,14
12487.0,19
12488.0,5
12489.0,16
12490.0,16
12491.0,31
12492.0,13
12493.0,38
12494.0,6
12495.0,19
12496.0,30
12497.0,37
12498.0,25
12499.0,39
12500.0,11
12501.0,27
12502.0,31
12503.0,14
12504.0,15
12505.0,10
12506.0,11
12507.0,17
12508.0,9
12509.0,25
12510.0,36
12511.0,24
12512.0,27
12513.0,24
12514.0,16
12515.0,25
12516.0,8
12517.0,21
12518.0,25
12519.0,16
12520.0,10
12521.0,27
12522.0,21
12523.0,9
12524.0,18
12525.0,13
12526.0,35
12527.0,17
12528.0,12
12529.0,8
12530.0,21
12531.0,13
12532.0,15
12533.0,13
12534.0,19
12535.0,22
12536.0,9
12537.0,14
12538.0,7
12539.0,10
12540.0,18
12541.0,12
12542.0,21
12543.0,10
12544.0,19
12545.0,20
12546.0,19
12547.0,12
12548.0,18
12549.0,13
12550.0,29
12551.0,11
12552.0,13
12553.0,13
12554.0,11
12555.0,15
12556.0,14
12557.0,10
12558.0,12
12559.0,6
12560.0,26
12561.0,5
12562.0,16
12563.0,4
12564.0,12
12565.0,11
12566.0,12
12567.0,5
12568.0,35
12569.0,18
12570.0,19
12571.0,21
12572.0,10
12573.0,7
12574.0,5
12575.0,15
12576.0,5
12577.0,5
12578.0,10
12579.0,9
12580.0,20
12581.0,15
12582.0,40
12583.0,10
12584.0,6
12585.0,17
12586.0,21
12587.0,18
12588.0,3
12589.0,15
12590.0,13
12591.0,19
12592.0,16
12593.0,9
12594.0,7
12595.0,24
12596.0,4
12597.0,8
12598.0,15
12599.0,11
12600.0,15
12601.0,11
12602.0,10
12603.0,18
12604.0,10
12605.0,21
12606.0,32
12607.0,6
12608.0,14
12609.0,18
12610.0,19
12611.0,11
12612.0,8
12613.0,8
12614.0,20
12615.0,17
12616.0,15
12617.0,8
12618.0,20
12619.0,27
12620.0,27
12621.0,8
12622.0,17
12623.0,9
12624.0,8
12625.0,13
12626.0,13
12627.0,9
12628.0,17
12629.0,4
12630.0,17
12631.0,6
12632.0,11
12633.0,9
12634.0,18
12635.0,16
12636.0,17
12637.0,5
12638.0,14
12639.0,7
12640.0,12
12641.0,11
12642.0,8
12643.0,14
12644.0,57
12645.0,26
12646.0,17
12647.0,17
12648.0,13
12649.0,14
12650.0,30
12651.0,16
12652.0,17
12653.0,25
12654.0,12
12655.0,25
12656.0,23
12657.0,21
12658.0,22
12659.0,28
12660.0,11
12661.0,14
12662.0,12
12663.0,19
12664.0,30
12665.0,17
12666.0,25
12667.0,20
12668.0,6
12669.0,5
12670.0,21
12671.0,11
12672.0,19
12673.0,16
12674.0,24
12675.0,17
12676.0,20
12677.0,9
12678.0,24
12679.0,6
12680.0,27
12681.0,16
12682.0,17
12683.0,15
12684.0,11
12685.0,33
12686.0,33
12687.0,39
12688.0,34
12689.0,20
12690.0,11
12691.0,30
12692.0,17
12693.0,6
12694.0,19
12695.0,9
12696.0,22
12697.0,29
12698.0,33
12699.0,8
12700.0,21
12701.0,19
12702.0,44
12703.0,9
12704.0,8
12705.0,12
12706.0,14
12707.0,9
12708.0,10
12709.0,15
12710.0,23
12711.0,19
12712.0,14
12713.0,21
12714.0,7
12715.0,14
12716.0,14
12717.0,10
12718.0,9
12719.0,12
12720.0,16
12721.0,9
12722.0,11
12723.0,8
12724.0,10
12725.0,15
12726.0,19
12727.0,33
12728.0,22
12729.0,8
12730.0,26
12731.0,15
12732.0,31
12733.0,12
12734.0,14
12735.0,13
12736.0,13
12737.0,9
12738.0,22
12739.0,19
12740.0,37
12741.0,8
12742.0,23
12743.0,16
12744.0,34
12745.0,26
12746.0,16
12747.0,33
12748.0,27
12749.0,13
12750.0,13
12751.0,22
12752.0,17
12753.0,35
12754.0,7
12755.0,24
12756.0,18
12757.0,16
12758.0,15
12759.0,23
12760.0,21
12761.0,41
12762.0,28
12763.0,30
12764.0,21
12765.0,7
12766.0,25
12767.0,27
12768.0,10
12769.0,30
12770.0,55
12771.0,84
12772.0,5
12773.0,14
12774.0,16
12775.0,30
12776.0,16
12777.0,21
12778.0,19
12779.0,33
12780.0,27
12781.0,30
12782.0,18
12783.0,27
12784.0,29
12785.0,17
12786.0,13
12787.0,14
12788.0,8
12789.0,18
12790.0,20
12791.0,7
12792.0,18
12793.0,6
12794.0,17
12795.0,27
12796.0,16
12797.0,11
12798.0,17
12799.0,23
12800.0,11
12801.0,16
12802.0,11
12803.0,8
12804.0,8
12805.0,16
12806.0,26
12807.0,12
12808.0,22
12809.0,14
12810.0,14
12811.0,12
12812.0,11
12813.0,31
12814.0,27
12815.0,35
12816.0,45
12817.0,43
12818.0,9
12819.0,15
12820.0,16
12821.0,33
12822.0,17
12823.0,16
12824.0,23
12825.0,21
12826.0,14
12827.0,25
12828.0,13
12829.0,31
12830.0,17
12831.0,20
12832.0,27
12833.0,2
12834.0,10
12835.0,9
12836.0,12
12837.0,7
12838.0,26
12839.0,9
12840.0,13
12841.0,13
12842.0,16
12843.0,2
12844.0,5
12845.0,8
12846.0,4
12847.0,15
12848.0,19
12849.0,16
12850.0,30
12851.0,35
12852.0,12
12853.0,17
12854.0,13
12855.0,18
12856.0,14
12857.0,25
12858.0,17
12859.0,26
12860.0,32
12861.0,11
12862.0,23
12863.0,9
12864.0,23
12865.0,37
12866.0,30
12867.0,42
12868.0,42
12869.0,20
12870.0,36
12871.0,35
12872.0,33
12873.0,20
12874.0,43
12875.0,25
12876.0,31
12877.0,24
12878.0,45
12879.0,45
12880.0,42
12881.0,27
12882.0,31
12883.0,41
12884.0,30
12885.0,46
12886.0,30
12887.0,34
12888.0,32
12889.0,43
12890.0,39
12891.0,24
12892.0,38
12893.0,26
12894.0,34
12895.0,37
12896.0,33
12897.0,30
12898.0,51
12899.0,40
12900.0,21
12901.0,35
12902.0,24
12903.0,28
12904.0,22
12905.0,19
12906.0,11
12907.0,38
12908.0,16
12909.0,24
12910.0,46
12911.0,32
12912.0,41
12913.0,21
12914.0,31
12915.0,24
12916.0,27
12917.0,35
12918.0,17
12919.0,24
12920.0,26
12921.0,30
12922.0,23
12923.0,24
12924.0,13
12925.0,27
12926.0,22
12927.0,11
12928.0,27
12929.0,26
12930.0,21
12931.0,26
12932.0,22
12933.0,25
12934.0,13
12935.0,22
12936.0,13
12937.0,14
12938.0,10
12939.0,35
12940.0,25
12941.0,30
12942.0,9
12943.0,21
12944.0,41
12945.0,17
12946.0,37
12947.0,15
12948.0,6
12949.0,23
12950.0,25
12951.0,18
12952.0,20
12953.0,10
12954.0,5
12955.0,11
12956.0,30
12957.0,24
12958.0,17
12959.0,17
12960.0,26
12961.0,13
12962.0,7
12963.0,10
12964.0,10
12965.0,8
12966.0,9
12967.0,13
12969.0,29
12970.0,74
12971.0,82
12972.0,52
12973.0,15
12974.0,13
12975.0,12
12976.0,8
12977.0,7
12978.0,17
12979.0,8
12980.0,28
12981.0,10
12982.0,11
12983.0,13
12984.0,7
12985.0,9
12986.0,14
12987.0,10
12988.0,20
12989.0,10
12990.0,18
12991.0,13
12992.0,2
12993.0,2
12994.0,17
12995.0,9
12996.0,15
12997.0,16
12998.0,10
12999.0,5
13000.0,16
13001.0,8
13002.0,10
13014.0,1
13015.0,47
13016.0,30
13017.0,4
13018.0,4
13019.0,24
13020.0,16
13021.0,12
13022.0,13
13023.0,8
13024.0,8
13025.0,12
13026.0,13
13027.0,14
13028.0,5
13029.0,6
13030.0,18
13031.0,23
13032.0,11
13033.0,10
13034.0,4
13035.0,20
13036.0,11
13037.0,14
13038.0,18
13039.0,17
13040.0,18
13041.0,25
13042.0,9
13043.0,26
13044.0,21
13045.0,21
13046.0,3
13047.0,16
13048.0,23
13049.0,10
13050.0,28
13051.0,23
13052.0,6
13053.0,3
13054.0,4
13055.0,6
13056.0,40
13057.0,4
13058.0,29
13059.0,15
13060.0,22
13061.0,19
13062.0,36
13063.0,18
13064.0,14
13065.0,15
13066.0,9
13069.0,3
13070.0,6
13071.0,6
13072.0,50
13073.0,18
13074.0,24
13075.0,12
13076.0,27
13077.0,13
13078.0,17
13079.0,12
13080.0,9
13081.0,20
13082.0,22
13083.0,10
13084.0,16
13085.0,26
13086.0,21
13087.0,19
13088.0,17
13089.0,12
13090.0,21
13091.0,24
13092.0,13
13093.0,15
13094.0,14
13095.0,14
13096.0,19
13097.0,23
13098.0,6
13099.0,22
13100.0,21
13101.0,39
13102.0,12
13103.0,20
13104.0,19
13105.0,27
13106.0,11
13107.0,17
13108.0,40
13109.0,13
13110.0,32
13111.0,40
13112.0,37
13113.0,11
13114.0,21
13115.0,24
13116.0,27
13117.0,36
13118.0,25
13119.0,12
13120.0,52
13121.0,10
13122.0,11
13123.0,12
13124.0,39
13125.0,16
13126.0,24
13127.0,28
13128.0,21
13129.0,17
13130.0,26
13131.0,26
13132.0,17
13133.0,14
13134.0,16
13135.0,19
13136.0,17
13137.0,10
13138.0,9
13139.0,13
13140.0,13
13141.0,11
13142.0,13
13143.0,6
13144.0,6
13145.0,9
13146.0,8
13147.0,8
13148.0,6
13149.0,21
13150.0,14
13151.0,16
13152.0,12
13153.0,24
13154.0,14
13155.0,32
13156.0,6
13157.0,15
13158.0,12
13159.0,6
13160.0,30
13161.0,5
13162.0,7
13163.0,38
13164.0,8
13165.0,17
13166.0,20
13167.0,10
13168.0,23
13169.0,14
13170.0,20
13171.0,6
13172.0,11
13173.0,7
13174.0,17
13175.0,8
13176.0,7
13177.0,17
13178.0,19
13179.0,10
13180.0,23
13181.0,10
13182.0,17
13183.0,19
13184.0,8
13185.0,15
13186.0,10
13187.0,6
13188.0,11
13189.0,21
13190.0,27
13191.0,8
13192.0,8
13193.0,16
13194.0,8
13195.0,12
13196.0,13
13197.0,14
13198.0,17
13199.0,10
13200.0,18
13201.0,17
13202.0,29
13203.0,10
13204.0,12
13205.0,16
13206.0,12
13207.0,6
13208.0,13
13209.0,6
13210.0,22
13211.0,23
13212.0,8
13213.0,9
13214.0,23
13215.0,19
13216.0,22
13217.0,9
13218.0,25
13219.0,15
13220.0,31
13221.0,21
13222.0,23
13223.0,14
13224.0,6
13225.0,24
13226.0,18
13227.0,14
13228.0,39
13229.0,16
13230.0,26
13231.0,14
13232.0,13
13233.0,11
13234.0,21
13235.0,14
13236.0,15
13237.0,11
13238.0,11
13239.0,14
13240.0,10
13241.0,6
13242.0,12
13243.0,17
13244.0,22
13245.0,19
13246.0,40
13247.0,25
13248.0,40
13249.0,31
13250.0,47
13251.0,26
13252.0,8
13253.0,13
13254.0,6
13255.0,16
13256.0,10
13257.0,9
13258.0,12
13259.0,8
13260.0,12
13261.0,5
13262.0,8
13263.0,12
13264.0,10
13265.0,9
13266.0,12
13267.0,11
13268.0,3
13269.0,20
13270.0,29
13271.0,40
13272.0,51
13273.0,42
13274.0,50
13275.0,57
13276.0,41
13277.0,12
13278.0,40
13279.0,21
13280.0,40
13281.0,19
13282.0,32
13283.0,23
13284.0,20
13285.0,27
13286.0,23
13287.0,37
13288.0,33
13289.0,12
13290.0,26
13291.0,34
13292.0,21
13293.0,27
13294.0,23
13295.0,38
13296.0,22
13297.0,6
13298.0,22
13299.0,22
13300.0,32
13301.0,53
13302.0,42
13303.0,40
13304.0,48
13305.0,38
13306.0,56
13307.0,24
13308.0,11
13309.0,39
13310.0,33
13311.0,16
13312.0,26
13313.0,6
13314.0,19
13315.0,19
13316.0,18
13317.0,22
13318.0,15
13319.0,40
13320.0,31
13321.0,39
13322.0,36
13323.0,34
13324.0,33
13325.0,37
13326.0,16
13327.0,19
13328.0,9
13329.0,17
13330.0,35
13331.0,42
13332.0,42
13333.0,42
13334.0,28
13335.0,18
13336.0,28
13337.0,29
13338.0,31
13339.0,13
13340.0,25
13341.0,32
13342.0,13
13343.0,25
13344.0,4
13345.0,21
13346.0,24
13347.0,12
13348.0,12
13349.0,9
13350.0,13
13351.0,19
13352.0,18
13353.0,8
13354.0,10
13355.0,15
13356.0,8
13357.0,14
13358.0,8
13359.0,21
13360.0,20
13361.0,17
13362.0,13
13363.0,16
13364.0,1
13365.0,13
13366.0,23
13367.0,6
13368.0,35
13369.0,48
13370.0,13
13371.0,16
13372.0,9
13373.0,5
13374.0,17
13375.0,13
13376.0,5
13377.0,7
13378.0,8
13379.0,5
13380.0,13
13381.0,11
13382.0,17
13383.0,6
13384.0,6
13385.0,16
13386.0,5
13387.0,10
13388.0,3
13389.0,12
13390.0,14
13391.0,21
13392.0,11
13393.0,7
13394.0,22
13395.0,18
13396.0,10
13397.0,26
13398.0,15
13399.0,24
13400.0,14
13401.0,6
13402.0,8
13403.0,31
13404.0,20
13405.0,12
13406.0,16
13407.0,20
13408.0,23
13409.0,8
13410.0,24
13411.0,16
13412.0,11
13413.0,7
13414.0,16
13415.0,14
13416.0,4
13417.0,5
13418.0,7
13419.0,12
13420.0,17
13421.0,15
13422.0,32
13423.0,8
13424.0,7
13425.0,15
13426.0,4
13427.0,3
13428.0,4
13429.0,8
13430.0,6
13431.0,21
13432.0,13
13433.0,6
13434.0,9
13435.0,11
13436.0,20
13437.0,8
13438.0,6
13439.0,15
13440.0,11
13441.0,4
13442.0,31
13443.0,8
13444.0,5
13445.0,15
13446.0,15
13447.0,10
13448.0,26
13449.0,10
13450.0,10
13451.0,14
13452.0,14
13453.0,31
13454.0,6
13455.0,16
13456.0,30
13457.0,18
13458.0,13
13459.0,9
13460.0,25
13461.0,22
13462.0,18
13463.0,11
13464.0,14
13465.0,13
13466.0,16
13467.0,10
13468.0,24
13469.0,11
13470.0,15
13471.0,12
13472.0,16
13473.0,17
13474.0,11
13475.0,18
13476.0,20
13477.0,13
13478.0,23
13479.0,24
13480.0,30
13481.0,15
13482.0,13
13483.0,10
13484.0,24
13485.0,30
13486.0,22
13487.0,15
13488.0,11
13489.0,10
13490.0,29
13491.0,20
13492.0,8
13493.0,13
13494.0,15
13495.0,7
13496.0,13
13497.0,9
13498.0,6
13500.0,11
13501.0,7
13502.0,7
13503.0,8
13504.0,9
13505.0,8
13506.0,6
13507.0,2
13508.0,7
13509.0,5
13510.0,7
13511.0,17
13512.0,8
13513.0,60
13514.0,14
13515.0,14
13516.0,28
13517.0,38
13518.0,32
13519.0,27
13520.0,42
13521.0,22
13522.0,6
13523.0,13
13524.0,73
13525.0,11
13526.0,29
13527.0,30
13528.0,48
13529.0,20
13530.0,37
13531.0,19
13532.0,41
13533.0,31
13534.0,5
13535.0,12
13536.0,3
13537.0,12
13538.0,3
13539.0,10
13540.0,19
13541.0,9
13542.0,8
13543.0,14
13544.0,12
13545.0,13
13546.0,6
13547.0,37
13548.0,12
13549.0,6
13550.0,22
13551.0,14
13552.0,14
13553.0,7
13554.0,5
13555.0,9
13556.0,14
13557.0,7
13558.0,3
13559.0,10
13560.0,14
13561.0,8
13562.0,17
13563.0,16
13564.0,12
13565.0,10
13566.0,8
13567.0,10
13568.0,17
13569.0,6
13570.0,26
13571.0,12
13572.0,15
13573.0,18
13574.0,7
13575.0,13
13576.0,16
13577.0,19
13578.0,14
13579.0,11
13580.0,32
13581.0,13
13582.0,16
13583.0,14
13584.0,24
13585.0,18
13586.0,38
13587.0,43
13588.0,30
13589.0,27
13590.0,12
13591.0,14
13592.0,12
13593.0,5
13594.0,9
13595.0,14
13596.0,14
13597.0,16
13598.0,19
13599.0,11
13600.0,17
13601.0,11
13602.0,22
13603.0,7
13604.0,14
13605.0,7
13606.0,11
13607.0,5
13608.0,8
13609.0,6
13610.0,18
13611.0,9
13612.0,19
13613.0,5
13614.0,6
13615.0,11
13616.0,8
13617.0,11
13618.0,10
13619.0,8
13620.0,8
13621.0,11
13622.0,10
13623.0,4
13624.0,12
13625.0,6
13626.0,11
13627.0,8
13628.0,6
13629.0,8
13630.0,10
13631.0,18
13632.0,6
13633.0,7
13634.0,9
13635.0,15
13636.0,9
13637.0,13
13638.0,12
13639.0,9
13640.0,8
13641.0,22
13642.0,13
13643.0,5
13644.0,6
13645.0,12
13646.0,24
13647.0,9
13648.0,21
13649.0,9
13650.0,11
13651.0,25
13652.0,11
13653.0,17
13654.0,17
13655.0,15
13656.0,17
13657.0,6
13658.0,6
13659.0,13
13660.0,23
13661.0,36
13662.0,15
13663.0,21
13664.0,22
13665.0,10
13666.0,13
13667.0,9
13668.0,8
13669.0,11
13670.0,14
13671.0,23
13672.0,8
13673.0,14
13674.0,24
13675.0,10
13676.0,18
13677.0,11
13678.0,3
13679.0,10
13680.0,10
13681.0,12
13682.0,7
13683.0,14
13684.0,9
13685.0,5
13686.0,7
13687.0,10
13688.0,5
13689.0,12
13690.0,7
13691.0,17
13692.0,4
13693.0,10
13694.0,5
13695.0,18
13696.0,8
13697.0,10
13698.0,16
13699.0,9
13700.0,20
13701.0,17
13702.0,10
13703.0,15
13704.0,17
13705.0,19
13706.0,21
13707.0,12
13708.0,23
13709.0,5
13710.0,29
13711.0,12
13712.0,10
13713.0,12
13714.0,15
13715.0,6
13716.0,6
13717.0,3
13718.0,13
13719.0,9
13720.0,30
13721.0,27
13722.0,20
13723.0,19
13724.0,19
13725.0,16
13726.0,8
13727.0,10
13728.0,7
13729.0,11
13730.0,21
13731.0,21
13732.0,26
13733.0,12
13734.0,15
13735.0,14
13736.0,13
13737.0,11
13738.0,2
13739.0,4
13740.0,8
13741.0,4
13742.0,16
13743.0,13
13744.0,10
13745.0,11
13746.0,14
13747.0,16
13748.0,12
13749.0,10
13750.0,9
13751.0,23
13752.0,7
13753.0,6
13754.0,7
13755.0,28
13756.0,17
13757.0,19
13758.0,16
13759.0,29
13760.0,47
13761.0,14
13762.0,14
13763.0,16
13764.0,24
13765.0,16
13766.0,31
13767.0,17
13768.0,31
13769.0,7
13770.0,22
13771.0,6
13772.0,13
13773.0,14
13774.0,11
13775.0,17
13776.0,11
13777.0,3
13778.0,15
13779.0,5
13780.0,7
13781.0,17
13782.0,22
13783.0,22
13784.0,3
13785.0,6
13786.0,14
13787.0,4
13788.0,4
13789.0,7
13790.0,11
13791.0,9
13792.0,5
13793.0,5
13794.0,10
13795.0,35
13796.0,21
13797.0,6
13798.0,14
13799.0,9
13800.0,15
13801.0,17
13802.0,14
13803.0,8
13804.0,11
13805.0,19
13806.0,2
13807.0,18
13808.0,8
13809.0,3
13810.0,17
13811.0,17
13812.0,20
13813.0,8
13814.0,15
13815.0,26
13816.0,18
13817.0,14
13818.0,19
13819.0,12
13820.0,24
13821.0,22
13822.0,10
13823.0,26
13824.0,11
13825.0,15
13826.0,7
13827.0,15
13828.0,35
13829.0,18
13830.0,25
13831.0,19
13832.0,12
13833.0,17
13834.0,28
13835.0,21
13836.0,15
13837.0,19
13838.0,16
13839.0,17
13840.0,13
13841.0,23
13842.0,12
13843.0,12
13844.0,7
13845.0,15
13846.0,12
13847.0,9
13848.0,19
13849.0,11
13850.0,15
13851.0,18
13852.0,9
13853.0,5
13854.0,7
13855.0,9
13856.0,8
13857.0,17
13858.0,12
13859.0,3
13860.0,12
13861.0,10
13862.0,10
13863.0,16
13864.0,8
13865.0,9
13866.0,21
13867.0,14
13868.0,10
13869.0,10
13870.0,21
13871.0,15
13872.0,12
13873.0,12
13874.0,5
13875.0,19
13876.0,27
13877.0,16
13878.0,6
13879.0,13
13880.0,18
13881.0,8
13882.0,23
13883.0,8
13884.0,13
13885.0,14
13886.0,8
13887.0,5
13888.0,30
13889.0,5
13890.0,16
13891.0,14
13892.0,9
13893.0,7
13894.0,7
13895.0,16
13896.0,6
13898.0,17
13899.0,9
13900.0,12
13901.0,32
13902.0,17
13903.0,28
13904.0,22
13905.0,4
13906.0,18
13907.0,9
13908.0,15
13909.0,10
13910.0,7
13911.0,3
13912.0,19
13913.0,5
13914.0,3
13915.0,15
13916.0,8
13917.0,2
13918.0,1
13919.0,39
13920.0,16
13921.0,17
13922.0,9
13923.0,8
13924.0,19
13925.0,22
13926.0,12
13927.0,18
13928.0,22
13929.0,6
13930.0,10
13931.0,27
13932.0,23
13933.0,11
13934.0,13
13935.0,8
13936.0,29
13937.0,17
13938.0,6
13939.0,14
13940.0,29
13941.0,15
13942.0,12
13943.0,20
13944.0,15
13945.0,12
13946.0,17
13947.0,15
13948.0,46
13949.0,24
13950.0,18
13951.0,23
13952.0,19
13953.0,38
13954.0,11
13955.0,13
13956.0,14
13957.0,3
13958.0,31
13959.0,27
13960.0,13
13961.0,29
13962.0,22
13963.0,12
13964.0,15
13965.0,27
13966.0,18
13967.0,6
13968.0,10
13969.0,14
13970.0,9
13971.0,17
13972.0,19
13973.0,12
13974.0,26
13975.0,40
13976.0,41
13977.0,41
13978.0,29
13979.0,31
13980.0,36
13981.0,31
13982.0,8
13983.0,7
13984.0,11
13985.0,10
13986.0,8
13987.0,19
13988.0,16
13989.0,6
13990.0,17
13991.0,18
13992.0,25
13993.0,10
13994.0,9
13995.0,25
13996.0,22
13997.0,22
13998.0,16
13999.0,20
14000.0,23
14001.0,27
14002.0,9
14003.0,23
14004.0,22
14005.0,24
14006.0,16
14007.0,9
14008.0,38
14009.0,21
14010.0,23
14011.0,38
14012.0,25
14013.0,17
14014.0,6
14015.0,16
14016.0,15
14017.0,4
14018.0,20
14019.0,8
14020.0,16
14021.0,22
14022.0,21
14023.0,22
14024.0,8
14025.0,31
14026.0,38
14027.0,34
14028.0,23
14029.0,39
14030.0,30
14031.0,40
14032.0,23
14033.0,14
14034.0,9
14035.0,20
14036.0,7
14037.0,7
14038.0,4
14039.0,7
14040.0,10
14041.0,12
14042.0,7
14043.0,2
14044.0,12
14045.0,6
14046.0,11
14047.0,14
14048.0,8
14049.0,13
14050.0,12
14051.0,29
14052.0,8
14053.0,16
14054.0,18
14055.0,24
14056.0,19
14057.0,15
14058.0,16
14059.0,21
14060.0,19
14061.0,8
14062.0,8
14063.0,24
14064.0,14
14065.0,26
14066.0,4
14067.0,13
14068.0,17
14069.0,13
14070.0,38
14071.0,24
14072.0,16
14073.0,16
14074.0,14
14075.0,16
14076.0,17
14077.0,27
14078.0,24
14079.0,15
14080.0,31
14081.0,12
14082.0,33
14083.0,18
14084.0,8
14085.0,16
14086.0,20
14087.0,14
14088.0,14
14089.0,5
14090.0,22
14091.0,7
14092.0,26
14093.0,12
14094.0,17
14095.0,15
14096.0,32
14097.0,19
14098.0,11
14099.0,16
14100.0,27
14101.0,14
14102.0,14
14103.0,11
14104.0,18
14105.0,18
14106.0,18
14107.0,16
14108.0,24
14109.0,22
14110.0,15
14111.0,24
14112.0,27
14113.0,20
14114.0,14
14115.0,20
14116.0,15
14117.0,16
14118.0,15
14119.0,23
14120.0,21
14121.0,25
14122.0,24
14123.0,14
14124.0,18
14125.0,21
14126.0,24
14127.0,32
14128.0,19
14129.0,8
14130.0,12
14131.0,16
14132.0,11
14133.0,5
14134.0,6
14135.0,10
14136.0,11
14137.0,4
14138.0,3
14139.0,9
14140.0,13
14141.0,2
14142.0,30
14143.0,11
14144.0,26
14145.0,13
14146.0,21
14147.0,16
14148.0,34
14149.0,22
14150.0,29
14151.0,9
14152.0,22
14153.0,16
14154.0,12
14155.0,12
14156.0,22
14157.0,18
14158.0,9
14159.0,9
14160.0,16
14161.0,9
14162.0,22
14163.0,12
14164.0,25
14165.0,24
14166.0,25
14167.0,13
14168.0,25
14169.0,14
14170.0,26
14171.0,17
14172.0,25
14173.0,10
14174.0,18
14175.0,21
14176.0,22
14177.0,19
14178.0,9
14179.0,24
14180.0,48
14181.0,22
14182.0,23
14183.0,12
14184.0,19
14185.0,19
14186.0,24
14187.0,14
14188.0,21
14189.0,15
14190.0,20
14191.0,23
14192.0,12
14193.0,14
14194.0,9
14195.0,17
14196.0,9
14197.0,24
14198.0,15
14199.0,17
14200.0,25
14201.0,20
14202.0,19
14203.0,33
14204.0,24
14205.0,14
14206.0,20
14207.0,17
14208.0,23
14209.0,15
14210.0,24
14211.0,19
14212.0,11
14213.0,13
14214.0,7
14215.0,30
14216.0,14
14217.0,24
14218.0,11
14219.0,20
14220.0,10
14221.0,6
14222.0,8
14223.0,5
14224.0,3
14225.0,61
14226.0,6
14227.0,20
14228.0,13
14229.0,12
14230.0,22
14231.0,11
14232.0,33
14233.0,18
14234.0,6
14235.0,11
14236.0,12
14237.0,34
14238.0,31
14239.0,22
14240.0,10
14241.0,8
14242.0,37
14243.0,17
14244.0,24
14245.0,26
14246.0,33
14247.0,19
14248.0,21
14249.0,16
14250.0,36
14251.0,12
14252.0,15
14253.0,33
14254.0,11
14255.0,15
14256.0,27
14257.0,6
14258.0,42
14259.0,18
14260.0,27
14261.0,41
14262.0,12
14263.0,17
14264.0,40
14265.0,2
14266.0,38
14267.0,10
14268.0,19
14269.0,13
14270.0,22
14271.0,20
14272.0,32
14273.0,25
14274.0,6
14275.0,12
14276.0,41
14277.0,11
14278.0,6
14279.0,31
14280.0,17
14281.0,17
14282.0,20
14283.0,12
14284.0,13
14285.0,30
14286.0,20
14287.0,29
14288.0,14
14289.0,2
14290.0,36
14291.0,36
14292.0,22
14293.0,13
14294.0,20
14295.0,6
14296.0,15
14297.0,36
14298.0,33
14299.0,13
14300.0,19
14301.0,4
14302.0,41
14303.0,14
14304.0,14
14305.0,22
14306.0,9
14307.0,10
14308.0,41
14309.0,23
14310.0,23
14311.0,40
14312.0,27
14313.0,17
14314.0,30
14315.0,37
14316.0,30
14317.0,21
14318.0,27
14319.0,22
14320.0,18
14321.0,40
14322.0,32
14323.0,20
14324.0,31
14325.0,14
14326.0,36
14327.0,16
14328.0,28
14329.0,28
14330.0,19
14331.0,16
14332.0,47
14333.0,20
14334.0,19
14335.0,26
14336.0,13
14337.0,17
14338.0,14
14339.0,47
14340.0,23
14341.0,29
14342.0,26
14343.0,27
14344.0,27
14345.0,23
14346.0,22
14347.0,42
14348.0,12
14349.0,23
14350.0,32
14351.0,31
14352.0,18
14353.0,44
14354.0,54
14355.0,58
14356.0,60
14357.0,33
14358.0,18
14359.0,9
14360.0,28
14361.0,36
14362.0,41
14363.0,21
14364.0,15
14365.0,29
14366.0,20
14367.0,17
14368.0,35
14369.0,34
14370.0,25
14371.0,13
14372.0,21
14373.0,11
14374.0,6
14375.0,31
14376.0,29
14377.0,20
14378.0,21
14379.0,17
14380.0,14
14381.0,14
14382.0,38
14383.0,14
14384.0,37
14385.0,13
14386.0,14
14387.0,16
14388.0,15
14389.0,28
14390.0,30
14391.0,16
14392.0,12
14393.0,5
14394.0,23
14395.0,22
14396.0,14
14397.0,5
14398.0,16
14399.0,8
14400.0,8
14401.0,18
14402.0,16
14403.0,6
14404.0,2
14405.0,15
14406.0,9
14407.0,11
14408.0,7
14409.0,6
14410.0,14
14411.0,26
14412.0,14
14413.0,10
14414.0,14
14415.0,15
14416.0,18
14417.0,16
14418.0,15
14419.0,19
14420.0,26
14421.0,18
14422.0,22
14423.0,14
14424.0,16
14425.0,21
14426.0,15
14427.0,20
14428.0,30
14429.0,11
14430.0,17
14431.0,16
14432.0,24
14433.0,17
14434.0,9
14435.0,18
14436.0,21
14437.0,9
14438.0,14
14439.0,12
14440.0,13
14441.0,13
14442.0,9
14443.0,12
14444.0,14
14445.0,30
14446.0,11
14447.0,9
14448.0,25
14449.0,13
14450.0,27
14451.0,20
14452.0,21
14453.0,21
14454.0,27
14455.0,20
14456.0,14
14457.0,8
14458.0,49
14459.0,3
14460.0,37
14461.0,15
14462.0,15
14463.0,16
14464.0,29
14465.0,20
14466.0,19
14467.0,20
14468.0,8
14469.0,16
14470.0,12
14471.0,24
14472.0,10
14473.0,14
14474.0,53
14475.0,18
14476.0,13
14477.0,25
14478.0,13
14479.0,13
14480.0,19
14481.0,25
14482.0,21
14483.0,20
14484.0,20
14485.0,20
14486.0,18
14487.0,13
14488.0,20
14489.0,14
14490.0,15
14491.0,17
14492.0,11
14493.0,15
14494.0,12
14495.0,11
14496.0,20
14497.0,11
14498.0,12
14499.0,2
14500.0,15
14501.0,6
14502.0,36
14503.0,9
14504.0,5
14505.0,3
14506.0,56
14507.0,16
14508.0,15
14509.0,7
14510.0,30
14511.0,32
14512.0,11
14513.0,13
14514.0,17
14515.0,11
14516.0,33
14517.0,28
14518.0,9
14519.0,13
14520.0,8
14521.0,25
14522.0,15
14523.0,12
14524.0,12
14525.0,28
14526.0,25
14527.0,7
14528.0,44
14529.0,28
14530.0,24
14531.0,44
14532.0,17
14533.0,20
14534.0,32
14535.0,32
14536.0,10
14537.0,28
14538.0,20
14539.0,18
14540.0,44
14541.0,35
14542.0,17
14543.0,26
14544.0,17
14545.0,21
14546.0,34
14547.0,26
14548.0,30
14549.0,33
14550.0,18
14551.0,18
14552.0,13
14553.0,25
14554.0,30
14555.0,36
14556.0,32
14557.0,29
14558.0,21
14559.0,19
14560.0,28
14561.0,20
14562.0,37
14563.0,24
14564.0,15
14565.0,24
14566.0,33
14567.0,20
14568.0,20
14569.0,12
14570.0,26
14571.0,27
14572.0,15
14573.0,21
14574.0,33
14575.0,16
14576.0,18
14577.0,21
14578.0,21
14579.0,9
14580.0,14
14581.0,13
14582.0,14
14583.0,6
14584.0,21
14585.0,11
14586.0,11
14587.0,9
14588.0,15
14589.0,7
14590.0,25
14591.0,14
14592.0,37
14593.0,17
14594.0,15
14595.0,4
14596.0,16
14597.0,35
14598.0,28
14599.0,4
14600.0,21
14601.0,4
14602.0,31
14603.0,40
14604.0,9
14605.0,22
14606.0,16
14607.0,18
14608.0,30
14609.0,18
14610.0,25
14611.0,25
14612.0,13
14613.0,19
14614.0,18
14615.0,26
14616.0,11
14617.0,14
14618.0,15
14619.0,12
14620.0,9
14621.0,33
14622.0,13
14623.0,34
14624.0,13
14625.0,18
14626.0,13
14627.0,17
14628.0,12
14629.0,15
14630.0,11
14631.0,20
14632.0,20
14633.0,16
14634.0,19
14635.0,16
14636.0,24
14637.0,9
14638.0,23
14639.0,19
14640.0,26
14641.0,18
14642.0,31
14643.0,28
14644.0,21
14645.0,24
14646.0,26
14647.0,11
14648.0,13
14649.0,12
14650.0,24
14651.0,21
14652.0,18
14653.0,1
14654.0,23
14655.0,22
14656.0,20
14657.0,11
14658.0,20
14659.0,26
14660.0,10
14661.0,36
14662.0,32
14663.0,11
14664.0,23
14665.0,28
14666.0,13
14667.0,10
14668.0,39
14669.0,7
14670.0,12
14671.0,29
14672.0,12
14673.0,15
14674.0,6
14675.0,24
14676.0,18
14677.0,27
14678.0,9
14679.0,10
14680.0,21
14681.0,24
14682.0,16
14683.0,4
14684.0,18
14685.0,11
14686.0,13
14688.0,5
14689.0,10
14690.0,29
14691.0,8
14692.0,9
14693.0,1
14694.0,4
14695.0,5
14696.0,2
14697.0,45
14698.0,5
14699.0,12
14700.0,7
14701.0,18
14702.0,13
14703.0,19
14704.0,12
14705.0,18
14706.0,12
14707.0,11
14708.0,16
14709.0,16
14710.0,10
14711.0,21
14712.0,34
14713.0,22
14714.0,42
14715.0,31
14716.0,38
14717.0,15
14718.0,31
14719.0,14
14720.0,37
14721.0,28
14722.0,10
14723.0,17
14724.0,6
14725.0,4
14726.0,3
14727.0,57
14728.0,16
14729.0,13
14730.0,35
14731.0,31
14732.0,28
14733.0,11
14734.0,27
14735.0,4
14736.0,23
14737.0,5
14738.0,3
14739.0,22
14740.0,31
14741.0,29
14742.0,21
14743.0,34
14744.0,7
14745.0,19
14746.0,17
14747.0,17
14748.0,17
14749.0,12
14750.0,33
14751.0,24
14752.0,20
14753.0,6
14754.0,11
14755.0,19
14756.0,21
14757.0,17
14758.0,10
14759.0,16
14760.0,21
14761.0,22
14762.0,18
14763.0,18
14764.0,9
14765.0,19
14766.0,11
14767.0,10
14768.0,11
14769.0,14
14770.0,27
14771.0,25
14772.0,27
14773.0,9
14774.0,19
14775.0,14
14776.0,17
14777.0,20
14778.0,19
14779.0,17
14780.0,27
14781.0,11
14782.0,12
14783.0,13
14784.0,14
14785.0,15
14786.0,12
14787.0,19
14788.0,25
14789.0,8
14790.0,24
14791.0,13
14792.0,6
14793.0,16
14794.0,6
14795.0,9
14796.0,14
14797.0,10
14798.0,19
14799.0,13
14800.0,24
14801.0,13
14802.0,25
14803.0,5
14804.0,13
14805.0,12
14806.0,20
14807.0,16
14808.0,11
14809.0,15
14810.0,26
14811.0,17
14812.0,21
14813.0,11
14814.0,11
14815.0,16
14816.0,12
14817.0,14
14818.0,24
14819.0,9
14820.0,25
14821.0,9
14822.0,17
14823.0,12
14824.0,16
14825.0,10
14826.0,16
14827.0,10
14828.0,5
14829.0,4
14830.0,19
14831.0,13
14832.0,13
14833.0,4
14834.0,14
14835.0,17
14836.0,13
14837.0,5
14838.0,13
14839.0,13
14840.0,20
14841.0,16
14842.0,20
14843.0,19
14844.0,12
14845.0,16
14846.0,11
14847.0,12
14848.0,21
14849.0,33
14850.0,35
14851.0,27
14852.0,18
14853.0,17
14854.0,18
14855.0,13
14856.0,12
14857.0,13
14858.0,10
14859.0,15
14860.0,23
14861.0,27
14862.0,19
14863.0,29
14864.0,13
14865.0,26
14866.0,13
14867.0,8
14868.0,14
14869.0,10
14870.0,26
14871.0,13
14872.0,16
14873.0,19
14874.0,22
14875.0,10
14876.0,15
14877.0,14
14878.0,10
14879.0,14
14880.0,13
14881.0,18
14882.0,18
14883.0,17
14884.0,26
14885.0,17
14886.0,6
14887.0,4
14888.0,12
14889.0,29
14890.0,25
14891.0,32
14892.0,5
14893.0,8
14894.0,5
14895.0,5
14896.0,2
14897.0,49
14898.0,27
14899.0,18
14900.0,19
14901.0,25
14902.0,15
14903.0,14
14904.0,12
14905.0,18
14906.0,12
14907.0,13
14908.0,18
14909.0,11
14910.0,15
14911.0,12
14912.0,10
14913.0,7
14914.0,13
14915.0,21
14916.0,9
14917.0,15
14918.0,17
14919.0,6
14920.0,10
14921.0,10
14922.0,18
14923.0,7
14924.0,14
14925.0,9
14926.0,9
14927.0,5
14928.0,5
14929.0,14
14930.0,11
14931.0,16
14932.0,10
14933.0,6
14934.0,10
14935.0,10
14936.0,5
14937.0,9
14938.0,5
14939.0,10
14940.0,8
14941.0,14
14942.0,11
14943.0,8
14944.0,10
14945.0,11
14946.0,16
14947.0,13
14948.0,6
14949.0,5
14950.0,25
14951.0,4
14952.0,55
14953.0,15
14954.0,36
14955.0,42
14956.0,36
14957.0,32
14958.0,55
14959.0,13
14960.0,48
14961.0,22
14962.0,53
14963.0,47
14964.0,44
14965.0,44
14966.0,21
14967.0,14
14968.0,24
14969.0,15
14970.0,22
14971.0,14
14972.0,4
14973.0,29
14974.0,10
14975.0,11
14976.0,15
14977.0,20
14978.0,8
14979.0,9
14980.0,19
14981.0,18
14982.0,19
14983.0,28
14984.0,18
14985.0,23
14986.0,17
14987.0,15
14988.0,14
14989.0,23
14990.0,31
14991.0,26
14992.0,10
14993.0,26
14994.0,13
14995.0,19
14996.0,16
14997.0,15
14998.0,20
14999.0,7
15000.0,27
15001.0,13
15002.0,14
15003.0,7
15004.0,7
15005.0,11
15006.0,15
15007.0,7
15008.0,9
15009.0,10
15010.0,10
15011.0,30
15012.0,11
15013.0,14
15014.0,19
15015.0,16
15016.0,14
15017.0,7
15018.0,6
15019.0,20
15020.0,18
15021.0,19
15022.0,29
15023.0,19
15024.0,26
15025.0,17
15026.0,19
15027.0,22
15028.0,33
15029.0,13
15030.0,25
15031.0,13
15032.0,8
15033.0,17
15034.0,19
15035.0,22
15036.0,11
15037.0,10
15038.0,12
15039.0,12
15040.0,22
15041.0,16
15042.0,7
15043.0,20
15044.0,6
15045.0,13
15046.0,20
15047.0,10
15048.0,13
15049.0,20
15050.0,22
15051.0,16
15052.0,18
15053.0,21
15054.0,13
15055.0,20
15056.0,5
15057.0,12
15058.0,11
15059.0,21
15060.0,13
15061.0,9
15062.0,22
15063.0,9
15064.0,20
15065.0,10
15066.0,20
15067.0,7
15068.0,4
15069.0,23
15070.0,21
15071.0,28
15072.0,17
15073.0,7
15074.0,15
15075.0,14
15076.0,17
15077.0,15
15078.0,17
15079.0,9
15080.0,19
15081.0,19
15082.0,11
15083.0,10
15084.0,10
15085.0,17
15086.0,12
15087.0,13
15088.0,18
15089.0,2
15090.0,11
15091.0,27
15092.0,18
15093.0,7
15094.0,6
15095.0,8
15096.0,18
15097.0,7
15098.0,10
15099.0,8
15100.0,29
15101.0,19
15102.0,19
15103.0,24
15104.0,21
15105.0,15
15106.0,18
15107.0,15
15108.0,4
15109.0,11
15110.0,14
15111.0,18
15112.0,15
15113.0,8
15114.0,5
15115.0,15
15116.0,5
15117.0,9
15118.0,14
15119.0,29
15120.0,20
15121.0,9
15122.0,7
15123.0,21
15124.0,12
15125.0,16
15126.0,7
15127.0,2
15128.0,5
15129.0,16
15130.0,16
15131.0,16
15132.0,18
15133.0,12
15134.0,6
15135.0,8
15136.0,16
15137.0,7
15138.0,7
15139.0,20
15140.0,34
15141.0,17
15142.0,9
15143.0,10
15144.0,6
15145.0,15
15146.0,23
15147.0,20
15148.0,17
15149.0,6
15150.0,12
15151.0,8
15152.0,18
15153.0,24
15154.0,13
15155.0,10
15156.0,8
15157.0,12
15158.0,4
15159.0,4
15160.0,17
15161.0,28
15162.0,38
15163.0,17
15164.0,17
15165.0,18
15166.0,16
15167.0,18
15168.0,24
15169.0,28
15170.0,22
15171.0,16
15172.0,23
15173.0,12
15174.0,13
15175.0,7
15176.0,13
15177.0,20
15178.0,8
15179.0,10
15180.0,20
15181.0,7
15182.0,19
15183.0,19
15184.0,18
15185.0,6
15186.0,8
15187.0,2
15188.0,8
15189.0,10
15190.0,14
15191.0,23
15192.0,12
15193.0,9
15194.0,14
15195.0,12
15196.0,24
15197.0,8
15198.0,5
15199.0,15
15200.0,11
15201.0,15
15202.0,20
15203.0,19
15204.0,9
15205.0,15
15206.0,13
15207.0,14
15208.0,21
15209.0,11
15210.0,12
15211.0,10
15212.0,21
15213.0,14
15214.0,9
15215.0,16
15216.0,9
15217.0,19
15218.0,11
15219.0,25
15220.0,15
15221.0,29
15222.0,20
15223.0,21
15224.0,33
15225.0,26
15226.0,15
15227.0,16
15228.0,10
15229.0,14
15230.0,25
15231.0,14
15232.0,13
15233.0,11
15234.0,19
15235.0,16
15236.0,27
15237.0,18
15238.0,23
15239.0,23
15240.0,26
15241.0,25
15242.0,38
15243.0,10
15244.0,31
15245.0,28
15246.0,35
15247.0,17
15248.0,10
15249.0,13
15250.0,34
15251.0,25
15252.0,26
15253.0,22
15254.0,20
15255.0,16
15256.0,15
15257.0,9
15258.0,19
15259.0,8
15260.0,21
15261.0,17
15262.0,16
15263.0,10
15264.0,7
15265.0,12
15266.0,20
15267.0,21
15268.0,25
15269.0,30
15270.0,18
15271.0,28
15272.0,12
15273.0,11
15274.0,25
15275.0,19
15276.0,26
15277.0,9
15278.0,21
15279.0,13
15280.0,27
15281.0,19
15282.0,13
15283.0,13
15284.0,8
15285.0,13
15286.0,17
15287.0,12
15288.0,10
15289.0,11
15290.0,17
15291.0,20
15292.0,13
15293.0,17
15294.0,10
15295.0,19
15296.0,16
15297.0,6
15298.0,16
15299.0,24
15300.0,19
15301.0,16
15302.0,11
15303.0,12
15304.0,6
15305.0,14
15306.0,13
15307.0,15
15308.0,9
15309.0,12
15310.0,15
15311.0,41
15312.0,7
15313.0,9
15314.0,28
15315.0,21
15316.0,19
15317.0,11
15318.0,2
15319.0,11
15320.0,22
15321.0,10
15322.0,20
15323.0,20
15324.0,22
15325.0,14
15326.0,15
15327.0,18
15328.0,21
15329.0,24
15330.0,25
15331.0,25
15332.0,15
15333.0,31
15334.0,9
15335.0,7
15336.0,14
15337.0,22
15338.0,20
15339.0,20
15340.0,34
15341.0,28
15342.0,27
15343.0,20
15344.0,35
15345.0,37
15346.0,16
15347.0,16
15348.0,18
15349.0,25
15350.0,29
15351.0,26
15352.0,15
15353.0,12
15354.0,19
15355.0,30
15356.0,19
15357.0,15
15358.0,16
15359.0,13
15360.0,19
15361.0,12
15362.0,19
15363.0,21
15364.0,19
15365.0,18
15366.0,14
15367.0,9
15368.0,18
15369.0,19
15370.0,24
15371.0,18
15372.0,16
15373.0,16
15374.0,11
15375.0,19
15376.0,24
15377.0,7
15378.0,27
15379.0,24
15380.0,25
15381.0,13
15382.0,23
15383.0,14
15384.0,15
15385.0,20
15386.0,36
15387.0,24
15388.0,35
15389.0,30
15390.0,35
15391.0,25
15392.0,15
15393.0,15
15394.0,24
15395.0,32
15396.0,21
15397.0,24
15398.0,19
15399.0,28
15400.0,25
15401.0,14
15402.0,19
15403.0,29
15404.0,13
15405.0,10
15406.0,33
15407.0,16
15408.0,15
15409.0,26
15410.0,24
15411.0,22
15412.0,30
15413.0,14
15414.0,26
15415.0,29
15416.0,11
15417.0,23
15418.0,18
15419.0,23
15420.0,25
15421.0,26
15422.0,26
15423.0,20
15424.0,14
15425.0,10
15426.0,26
15427.0,14
15428.0,14
15429.0,21
15430.0,17
15431.0,25
15432.0,23
15433.0,12
15434.0,17
15435.0,17
15436.0,27
15437.0,15
15438.0,17
15439.0,17
15440.0,27
15441.0,17
15442.0,18
15443.0,16
15444.0,16
15445.0,26
15446.0,3
15447.0,9
15448.0,31
15449.0,18
15450.0,17
15451.0,14
15452.0,21
15453.0,31
15454.0,10
15455.0,7
15456.0,10
15457.0,5
15458.0,10
15459.0,4
15460.0,8
15461.0,16
15462.0,7
15463.0,26
15464.0,17
15465.0,16
15466.0,20
15467.0,9
15468.0,24
15469.0,11
15470.0,16
15471.0,35
15472.0,9
15473.0,11
15474.0,20
15475.0,10
15476.0,18
15477.0,16
15478.0,21
15479.0,8
15480.0,12
15481.0,10
15482.0,11
15483.0,9
15484.0,7
15485.0,23
15486.0,16
15487.0,6
15488.0,12
15490.0,5
15491.0,9
15492.0,40
15493.0,6
15494.0,25
15495.0,19
15496.0,12
15497.0,21
15498.0,27
15499.0,18
15500.0,42
15501.0,23
15502.0,19
15503.0,32
15504.0,11
15505.0,14
15506.0,18
15507.0,27
15508.0,40
15509.0,23
15510.0,33
15511.0,30
15512.0,24
15513.0,22
15514.0,30
15515.0,20
15516.0,30
15517.0,8
15518.0,29
15519.0,19
15520.0,26
15521.0,26
15522.0,25
15523.0,20
15524.0,12
15525.0,22
15526.0,16
15527.0,18
15528.0,30
15529.0,18
15530.0,33
15531.0,12
15532.0,18
15533.0,21
15534.0,29
15535.0,15
15536.0,29
15537.0,15
15538.0,14
15539.0,26
15540.0,14
15541.0,16
15542.0,15
15543.0,12
15544.0,20
15545.0,15
15546.0,19
15547.0,22
15548.0,11
15549.0,7
15550.0,27
15551.0,33
15552.0,22
15553.0,18
15554.0,13
15555.0,27
15556.0,12
15557.0,13
15558.0,32
15559.0,15
15560.0,24
15561.0,16
15562.0,17
15563.0,28
15564.0,16
15565.0,17
15566.0,16
15567.0,13
15568.0,21
15569.0,6
15570.0,21
15571.0,18
15572.0,9
15573.0,18
15574.0,16
15575.0,11
15576.0,20
15577.0,17
15578.0,14
15579.0,19
15580.0,20
15581.0,22
15582.0,17
15583.0,42
15584.0,14
15585.0,21
15586.0,17
15587.0,17
15588.0,18
15589.0,13
15590.0,38
15591.0,34
15592.0,15
15593.0,22
15594.0,26
15595.0,23
15596.0,33
15597.0,8
15598.0,14
15599.0,24
15600.0,27
15601.0,11
15602.0,19
15603.0,9
15604.0,29
15605.0,14
15606.0,17
15607.0,16
15608.0,8
15609.0,17
15610.0,32
15611.0,19
15612.0,17
15613.0,12
15614.0,17
15615.0,14
15616.0,20
15617.0,6
15618.0,2
15619.0,18
15620.0,16
15621.0,22
15622.0,15
15623.0,18
15624.0,14
15625.0,22
15626.0,15
15627.0,38
15628.0,27
15629.0,20
15630.0,19
15631.0,5
15632.0,7
15633.0,25
15634.0,30
15635.0,4
15636.0,18
15637.0,28
15638.0,17
15639.0,30
15640.0,26
15641.0,3
15642.0,3
15643.0,48
15644.0,21
15645.0,7
15646.0,19
15647.0,23
15648.0,13
15649.0,26
15650.0,11
15651.0,9
15652.0,39
15653.0,1
15654.0,3
15655.0,29
15656.0,5
15657.0,1
15658.0,4
15659.0,62
15660.0,12
15661.0,29
15662.0,12
15663.0,14
15664.0,18
15665.0,9
15666.0,20
15667.0,16
15668.0,15
15669.0,11
15670.0,16
15671.0,23
15672.0,13
15673.0,12
15674.0,14
15675.0,21
15676.0,23
15677.0,13
15678.0,15
15679.0,13
15680.0,24
15681.0,25
15682.0,10
15683.0,18
15684.0,18
15685.0,23
15686.0,31
15687.0,22
15688.0,26
15689.0,2
15690.0,17
15691.0,4
15692.0,7
15693.0,11
15694.0,61
15695.0,34
15696.0,14
15697.0,15
15698.0,10
15699.0,14
15700.0,20
15701.0,22
15702.0,23
15703.0,24
15704.0,21
15705.0,17
15706.0,16
15707.0,13
15708.0,25
15709.0,9
15710.0,30
15711.0,14
15712.0,13
15713.0,16
15714.0,16
15715.0,23
15716.0,6
15717.0,10
15718.0,3
15719.0,12
15720.0,10
15721.0,9
15722.0,8
15723.0,21
15724.0,8
15725.0,18
15726.0,19
15727.0,15
15728.0,20
15729.0,16
15730.0,19
15731.0,22
15732.0,8
15733.0,20
15734.0,11
15735.0,18
15736.0,20
15737.0,17
15738.0,14
15739.0,29
15740.0,19
15741.0,8
15742.0,14
15743.0,16
15744.0,19
15745.0,33
15746.0,22
15747.0,45
15748.0,21
15749.0,16
15750.0,26
15751.0,21
15752.0,19
15753.0,11
15754.0,19
15755.0,17
15756.0,12
15757.0,15
15758.0,24
15759.0,13
15760.0,29
15761.0,24
15762.0,24
15763.0,17
15764.0,10
15765.0,17
15766.0,30
15767.0,25
15768.0,23
15769.0,13
15770.0,32
15771.0,31
15772.0,32
15773.0,28
15774.0,18
15775.0,19
15776.0,40
15777.0,14
15778.0,21
15779.0,32
15780.0,18
15781.0,22
15782.0,21
15783.0,25
15784.0,29
15785.0,26
15786.0,11
15787.0,19
15788.0,21
15789.0,13
15790.0,21
15791.0,29
15792.0,28
15793.0,19
15794.0,19
15795.0,24
15796.0,25
15797.0,13
15798.0,23
15799.0,19
15800.0,12
15801.0,23
15802.0,30
15803.0,22
15804.0,12
15805.0,13
15806.0,16
15807.0,16
15808.0,21
15809.0,18
15810.0,16
15811.0,28
15812.0,14
15813.0,3
15814.0,13
15815.0,12
15816.0,13
15817.0,5
15818.0,9
15819.0,5
15820.0,14
15821.0,38
15822.0,18
15823.0,40
15824.0,21
15825.0,5
15826.0,13
15827.0,7
15828.0,15
15829.0,7
15830.0,17
15831.0,21
15832.0,9
15833.0,20
15834.0,13
15835.0,16
15836.0,23
15837.0,5
15838.0,15
15839.0,26
15840.0,11
15841.0,21
15842.0,17
15843.0,15
15844.0,30
15845.0,27
15846.0,16
15847.0,13
15848.0,14
15849.0,14
15850.0,32
15851.0,22
15852.0,24
15853.0,7
15854.0,18
15855.0,20
15856.0,6
15860.0,7
15861.0,56
15862.0,31
15863.0,34
15864.0,9
15865.0,16
15866.0,22
15867.0,18
15868.0,29
15869.0,20
15870.0,15
15871.0,16
15872.0,17
15873.0,21
15874.0,3
15875.0,10
15876.0,13
15877.0,14
15878.0,15
15879.0,9
15880.0,22
15881.0,16
15882.0,17
15883.0,7
15884.0,6
15885.0,8
15886.0,10
15887.0,12
15888.0,18
15889.0,19
15890.0,16
15891.0,10
15892.0,6
15893.0,9
15894.0,10
15895.0,17
15896.0,6
15897.0,22
15898.0,9
15899.0,6
15900.0,10
15901.0,12
15902.0,16
15903.0,18
15904.0,4
15905.0,10
15906.0,10
15907.0,5
15908.0,4
15909.0,4
15910.0,21
15911.0,16
15912.0,18
15913.0,4
15914.0,8
15915.0,20
15916.0,6
15917.0,6
15918.0,7
15919.0,10
15920.0,20
15921.0,6
15922.0,14
15923.0,14
15924.0,13
15925.0,14
15926.0,17
15927.0,13
15928.0,27
15929.0,16
15930.0,21
15931.0,19
15932.0,7
15933.0,14
15934.0,14
15935.0,17
15936.0,14
15937.0,10
15938.0,12
15939.0,11
15940.0,9
15941.0,26
15942.0,6
15943.0,48
15944.0,12
15945.0,12
15946.0,11
15947.0,22
15948.0,8
15949.0,17
15950.0,21
15951.0,14
15952.0,21
15953.0,19
15954.0,14
15955.0,24
15956.0,8
15957.0,28
15958.0,20
15959.0,34
15960.0,34
15961.0,23
15962.0,19
15963.0,19
15964.0,15
15965.0,27
15966.0,11
15967.0,10
15968.0,21
15969.0,20
15970.0,19
15971.0,22
15972.0,7
15973.0,14
15974.0,11
15975.0,22
15976.0,29
15977.0,19
15978.0,15
15979.0,15
15980.0,34
15981.0,16
15982.0,14
15983.0,21
15984.0,15
15985.0,17
15986.0,13
15987.0,23
15988.0,28
15989.0,12
15990.0,23
15991.0,13
15992.0,14
15993.0,6
15994.0,16
15995.0,21
15996.0,22
15997.0,14
15998.0,28
15999.0,15
16000.0,17
16001.0,17
16002.0,30
16003.0,10
16004.0,8
16005.0,12
16006.0,6
16007.0,11
16008.0,11
16009.0,9
16010.0,10
16011.0,8
16012.0,9
16013.0,7
16014.0,5
16015.0,19
16016.0,12
16017.0,9
16018.0,5
16019.0,3
16020.0,15
16021.0,7
16022.0,14
16023.0,4
16024.0,11
16025.0,15
16026.0,13
16027.0,8
16028.0,7
16029.0,7
16030.0,12
16031.0,19
16032.0,14
16033.0,8
16034.0,14
16035.0,13
16036.0,9
16037.0,15
16038.0,18
16039.0,17
16040.0,21
16041.0,14
16042.0,14
16043.0,12
16044.0,15
16045.0,31
16046.0,8
16047.0,17
16048.0,36
16049.0,11
16050.0,18
16051.0,9
16052.0,11
16053.0,20
16054.0,13
16055.0,27
16056.0,8
16057.0,6
16058.0,15
16059.0,16
16060.0,9
16061.0,21
16062.0,31
16063.0,15
16064.0,3
16065.0,9
16066.0,23
16067.0,12
16068.0,12
16069.0,5
16070.0,16
16071.0,11
16072.0,16
16073.0,6
16074.0,12
16075.0,24
16076.0,5
16077.0,9
16078.0,10
16079.0,4
16080.0,13
16081.0,10
16082.0,12
16083.0,14
16084.0,15
16085.0,20
16086.0,7
16087.0,7
16088.0,6
16089.0,7
16090.0,29
16091.0,20
16092.0,19
16093.0,7
16094.0,6
16095.0,15
16096.0,6
16097.0,10
16098.0,12
16099.0,17
16100.0,19
16101.0,10
16102.0,14
16103.0,28
16104.0,8
16105.0,25
16106.0,13
16107.0,27
16108.0,20
16109.0,11
16110.0,10
16111.0,28
16112.0,8
16113.0,5
16114.0,17
16115.0,32
16116.0,12
16117.0,12
16118.0,24
16119.0,16
16120.0,22
16121.0,12
16122.0,18
16123.0,20
16124.0,11
16125.0,8
16126.0,10
16127.0,24
16128.0,5
16129.0,12
16130.0,18
16131.0,9
16132.0,8
16133.0,16
16134.0,10
16135.0,11
16136.0,15
16137.0,15
16138.0,8
16139.0,16
16140.0,21
16141.0,12
16142.0,21
16143.0,10
16144.0,10
16145.0,24
16146.0,8
16147.0,10
16148.0,15
16149.0,22
16150.0,20
16151.0,27
16152.0,36
16153.0,42
16154.0,19
16155.0,37
16156.0,34
16157.0,27
16158.0,28
16159.0,15
16160.0,36
16161.0,25
16162.0,19
16163.0,26
16164.0,22
16165.0,26
16166.0,22
16167.0,19
16168.0,40
16169.0,24
16170.0,23
16171.0,25
16172.0,23
16173.0,15
16174.0,7
16175.0,21
16176.0,23
16177.0,13
16178.0,13
16179.0,13
16180.0,19
16181.0,25
16182.0,49
16183.0,18
16184.0,16
16185.0,12
16186.0,16
16187.0,17
16188.0,10
16189.0,20
16190.0,21
16191.0,13
16192.0,10
16193.0,16
16194.0,12
16195.0,26
16196.0,1
16197.0,14
16198.0,7
16199.0,18
16200.0,17
16201.0,19
16202.0,9
16203.0,21
16204.0,9
16205.0,22
16206.0,16
16207.0,22
16208.0,9
16209.0,14
16210.0,32
16211.0,32
16212.0,14
16213.0,24
16214.0,17
16215.0,27
16216.0,17
16217.0,20
16218.0,25
16219.0,23
16220.0,17
16221.0,23
16222.0,22
16223.0,24
16224.0,19
16225.0,17
16226.0,12
16227.0,23
16228.0,26
16229.0,11
16230.0,32
16231.0,17
16232.0,16
16233.0,21
16234.0,12
16235.0,21
16236.0,7
16237.0,5
16238.0,16
16239.0,9
16240.0,16
16241.0,15
16242.0,13
16243.0,9
16244.0,6
16245.0,18
16246.0,26
16247.0,28
16248.0,9
16249.0,9
16250.0,15
16251.0,14
16252.0,26
16253.0,16
16254.0,8
16255.0,13
16256.0,14
16257.0,22
16258.0,7
16259.0,13
16260.0,5
16261.0,16
16262.0,9
16263.0,14
16264.0,14
16265.0,19
16266.0,10
16267.0,8
16268.0,11
16269.0,17
16270.0,16
16271.0,12
16272.0,6
16273.0,8
16274.0,13
16275.0,24
16276.0,10
16277.0,15
16278.0,8
16279.0,8
16280.0,19
16281.0,6
16282.0,21
16283.0,10
16284.0,19
16285.0,22
16286.0,21
16287.0,15
16288.0,25
16289.0,10
16290.0,26
16291.0,20
16292.0,16
16293.0,8
16294.0,19
16295.0,7
16296.0,9
16297.0,7
16298.0,20
16299.0,13
16300.0,22
16301.0,13
16302.0,33
16303.0,26
16304.0,13
16305.0,13
16306.0,24
16307.0,8
16308.0,9
16309.0,8
16310.0,14
16311.0,8
16312.0,16
16313.0,25
16314.0,21
16315.0,13
16316.0,11
16317.0,5
16318.0,18
16319.0,11
16320.0,13
16321.0,16
16322.0,16
16323.0,12
16324.0,16
16325.0,16
16326.0,5
16327.0,3
16328.0,10
16329.0,6
16330.0,16
16331.0,27
16332.0,11
16333.0,18
16334.0,11
16335.0,27
16336.0,12
16337.0,19
16338.0,17
16339.0,12
16340.0,36
16341.0,13
16342.0,12
16343.0,19
16344.0,5
16345.0,8
16346.0,10
16347.0,4
16348.0,27
16349.0,4
16350.0,17
16351.0,10
16352.0,11
16353.0,2
16354.0,17
16355.0,19
16356.0,14
16357.0,18
16358.0,13
16359.0,8
16360.0,7
16361.0,14
16362.0,8
16363.0,4
16364.0,4
16365.0,9
16366.0,7
16367.0,9
16368.0,8
16369.0,10
16370.0,13
16371.0,7
16372.0,12
16373.0,12
16374.0,9
16375.0,8
16376.0,9
16377.0,7
16378.0,8
16379.0,7
16380.0,16
16381.0,5
16382.0,10
16383.0,6
16384.0,9
16385.0,13
16386.0,7
16387.0,8
16388.0,3
16389.0,6
16390.0,20
16391.0,12
16392.0,64
16393.0,11
16394.0,51
16395.0,38
16396.0,61
16397.0,42
16398.0,53
16399.0,31
16400.0,39
16401.0,53
16402.0,63
16403.0,11
16404.0,19
16405.0,15
16406.0,20
16407.0,17
16408.0,37
16409.0,9
16410.0,15
16411.0,7
16412.0,17
16413.0,4
16414.0,4
16415.0,20
16416.0,16
16417.0,6
16418.0,10
16419.0,5
16420.0,13
16421.0,25
16422.0,31
16423.0,1
16424.0,6
16425.0,11
16426.0,13
16427.0,13
16428.0,10
16429.0,9
16430.0,16
16431.0,9
16432.0,15
16433.0,1
16434.0,3
16435.0,10
16436.0,6
16437.0,4
16438.0,11
16439.0,10
16440.0,13
16441.0,11
16442.0,17
16443.0,12
16444.0,6
16445.0,17
16446.0,8
16447.0,20
16448.0,11
16449.0,2
16450.0,18
16451.0,21
16452.0,10
16453.0,2
16454.0,17
16455.0,17
16456.0,19
16457.0,10
16458.0,15
16459.0,17
16460.0,27
16461.0,11
16462.0,22
16463.0,20
16464.0,18
16465.0,13
16466.0,8
16467.0,15
16468.0,21
16469.0,13
16470.0,15
16471.0,28
16472.0,7
16473.0,15
16474.0,12
16475.0,17
16476.0,14
16477.0,12
16478.0,16
16479.0,8
16480.0,26
16481.0,10
16482.0,12
16483.0,7
16484.0,6
16485.0,9
16486.0,7
16487.0,9
16488.0,11
16489.0,17
16490.0,21
16491.0,13
16492.0,20
16493.0,5
16494.0,7
16495.0,9
16496.0,12
16497.0,3
16498.0,14
16499.0,18
16500.0,14
16501.0,2
16502.0,10
16503.0,3
16504.0,3
16505.0,13
16506.0,4
16507.0,5
16508.0,6
16509.0,7
16510.0,23
16511.0,10
16512.0,7
16513.0,14
16514.0,6
16515.0,23
16516.0,14
16517.0,15
16518.0,6
16519.0,13
16520.0,20
16521.0,7
16522.0,8
16523.0,17
16524.0,3
16525.0,17
16526.0,7
16527.0,15
16528.0,23
16529.0,4
16530.0,23
16531.0,10
16532.0,8
16533.0,9
16534.0,5
16535.0,6
16536.0,5
16537.0,8
16538.0,11
16539.0,4
16540.0,21
16541.0,16
16542.0,30
16543.0,10
16544.0,13
16545.0,6
16546.0,9
16547.0,17
16548.0,4
16549.0,15
16550.0,16
16551.0,10
16552.0,8
16553.0,3
16554.0,7
16555.0,12
16556.0,37
16557.0,12
16558.0,18
16559.0,7
16560.0,15
16561.0,15
16562.0,16
16563.0,18
16564.0,5
16565.0,12
16566.0,16
16567.0,7
16568.0,12
16569.0,11
16570.0,11
16571.0,19
16572.0,4
16573.0,14
16574.0,10
16575.0,14
16576.0,12
16577.0,16
16578.0,21
16579.0,19
16580.0,22
16581.0,21
16582.0,22
16583.0,5
16584.0,11
16585.0,9
16586.0,24
16587.0,20
16588.0,18
16589.0,19
16590.0,8
16591.0,17
16592.0,5
16593.0,12
16594.0,5
16595.0,10
16596.0,3
16597.0,12
16598.0,7
16599.0,6
16600.0,9
16601.0,20
16602.0,25
16603.0,15
16604.0,5
16605.0,19
16606.0,13
16607.0,9
16608.0,7
16609.0,10
16610.0,14
16611.0,21
16612.0,18
16613.0,14
16614.0,5
16615.0,10
16616.0,5
16617.0,12
16618.0,11
16619.0,7
16620.0,19
16621.0,30
16622.0,18
16623.0,22
16624.0,11
16625.0,10
16626.0,16
16627.0,26
16628.0,12
16629.0,19
16630.0,22
16631.0,33
16632.0,20
16633.0,19
16634.0,23
16635.0,47
16636.0,29
16637.0,26
16638.0,13
16639.0,10
16640.0,27
16641.0,10
16642.0,24
16643.0,21
16644.0,12
16645.0,16
16646.0,15
16647.0,12
16648.0,23
16649.0,5
16650.0,23
16651.0,12
16652.0,13
16653.0,27
16654.0,7
16655.0,22
16656.0,17
16657.0,7
16658.0,15
16659.0,13
16660.0,9
16661.0,30
16662.0,38
16663.0,21
16664.0,10
16665.0,3
16666.0,18
16667.0,19
16668.0,16
16669.0,18
16670.0,13
16671.0,16
16672.0,20
16673.0,2
16674.0,4
16675.0,9
16676.0,13
16677.0,19
16678.0,20
16679.0,13
16680.0,21
16681.0,21
16682.0,8
16683.0,4
16684.0,4
16685.0,12
16686.0,13
16687.0,13
16688.0,9
16689.0,11
16690.0,17
16691.0,14
16692.0,10
16693.0,10
16694.0,31
16695.0,7
16696.0,19
16697.0,12
16698.0,10
16699.0,16
16700.0,13
16701.0,11
16702.0,24
16703.0,8
16704.0,15
16705.0,23
16706.0,38
16707.0,13
16708.0,26
16709.0,8
16710.0,20
16711.0,16
16712.0,9
16713.0,1
16714.0,17
16715.0,12
16716.0,16
16717.0,11
16718.0,15
16719.0,4
16720.0,24
16721.0,11
16722.0,17
16723.0,3
16724.0,10
16725.0,9
16726.0,27
16727.0,8
16728.0,14
16729.0,8
16730.0,12
16731.0,3
16732.0,11
16733.0,19
16734.0,22
16735.0,25
16736.0,16
16737.0,22
16738.0,30
16739.0,14
16740.0,22
16741.0,23
16742.0,40
16743.0,13
16744.0,12
16745.0,19
16746.0,9
16747.0,3
16748.0,12
16749.0,20
16750.0,16
16751.0,14
16752.0,21
16753.0,14
16754.0,12
16755.0,21
16756.0,28
16757.0,22
16758.0,24
16759.0,15
16760.0,18
16761.0,17
16762.0,19
16763.0,15
16764.0,16
16765.0,20
16766.0,14
16767.0,15
16768.0,24
16769.0,13
16770.0,23
16771.0,22
16772.0,32
16773.0,9
16774.0,20
16775.0,19
16776.0,11
16777.0,12
16778.0,14
16779.0,11
16780.0,16
16781.0,21
16782.0,27
16783.0,15
16784.0,12
16785.0,18
16786.0,25
16787.0,14
16788.0,12
16789.0,17
16790.0,21
16791.0,17
16792.0,10
16793.0,11
16794.0,18
16795.0,17
16796.0,8
16797.0,8
16798.0,16
16799.0,20
16800.0,17
16801.0,21
16802.0,26
16803.0,9
16804.0,22
16805.0,12
16806.0,7
16807.0,16
16808.0,11
16809.0,13
16810.0,11
16811.0,24
16812.0,24
16813.0,13
16814.0,16
16815.0,17
16816.0,21
16817.0,19
16818.0,19
16819.0,18
16820.0,30
16821.0,20
16822.0,10
16823.0,33
16824.0,25
16825.0,22
16826.0,16
16827.0,19
16828.0,32
16829.0,15
16830.0,27
16831.0,21
16832.0,26
16833.0,10
16834.0,13
16835.0,15
16836.0,11
16837.0,8
16838.0,15
16839.0,7
16840.0,24
16841.0,28
16842.0,24
16843.0,13
16844.0,22
16845.0,30
16846.0,27
16847.0,13
16848.0,14
16849.0,15
16850.0,22
16851.0,25
16852.0,29
16853.0,20
16854.0,22
16855.0,6
16856.0,14
16857.0,14
16858.0,21
16859.0,15
16860.0,26
16861.0,11
16862.0,19
16863.0,22
16864.0,7
16865.0,19
16866.0,11
16867.0,5
16868.0,12
16869.0,11
16870.0,9
16871.0,24
16872.0,19
16873.0,9
16874.0,22
16875.0,15
16876.0,18
16877.0,14
16878.0,13
16879.0,21
16880.0,23
16881.0,26
16882.0,8
16883.0,27
16884.0,16
16885.0,12
16886.0,21
16887.0,25
16888.0,29
16889.0,43
16890.0,17
16891.0,18
16892.0,8
16893.0,21
16894.0,10
16895.0,26
16896.0,23
16897.0,8
16898.0,8
16899.0,3
16900.0,14
16901.0,13
16902.0,31
16903.0,18
16904.0,4
16905.0,5
16906.0,20
16907.0,16
16908.0,3
16909.0,4
16910.0,17
16911.0,16
16912.0,9
16913.0,12
16914.0,8
16915.0,20
16916.0,6
16917.0,9
16918.0,20
16919.0,12
16920.0,7
16921.0,19
16922.0,13
16923.0,19
16924.0,16
16925.0,21
16926.0,24
16927.0,7
16928.0,14
16929.0,10
16930.0,18
16931.0,17
16932.0,13
16933.0,9
16934.0,6
16935.0,14
16936.0,16
16937.0,15
16938.0,33
16939.0,15
16940.0,22
16941.0,18
16942.0,35
16943.0,33
16944.0,23
16945.0,22
16946.0,23
16947.0,16
16948.0,25
16949.0,10
16950.0,18
16951.0,18
16952.0,9
16953.0,10
16954.0,7
16955.0,28
16956.0,9
16957.0,18
16958.0,20
16959.0,16
16960.0,12
16961.0,17
16962.0,17
16963.0,4
16964.0,11
16965.0,14
16966.0,18
16967.0,12
16968.0,9
16969.0,16
16970.0,26
16971.0,12
16972.0,21
16973.0,8
16974.0,12
16975.0,17
16976.0,12
16977.0,21
16978.0,6
16979.0,11
16980.0,15
16981.0,8
16982.0,20
16983.0,14
16984.0,14
16985.0,7
16986.0,8
16987.0,20
16988.0,9
16989.0,14
16990.0,17
16991.0,26
16992.0,18
16993.0,10
16994.0,20
16995.0,33
16996.0,27
16997.0,9
16998.0,21
16999.0,10
17000.0,20
17001.0,14
17002.0,15
17003.0,7
17004.0,28
17005.0,26
17006.0,6
17007.0,12
17008.0,36
17009.0,4
17010.0,18
17011.0,16
17012.0,14
17013.0,10
17014.0,9
17015.0,9
17016.0,16
17017.0,4
17018.0,4
17019.0,6
17020.0,5
17021.0,19
17022.0,21
17023.0,25
17024.0,12
17025.0,18
17026.0,25
17027.0,16
17028.0,17
17029.0,18
17030.0,26
17031.0,33
17032.0,17
17033.0,18
17034.0,28
17035.0,24
17036.0,35
17037.0,23
17038.0,19
17039.0,19
17040.0,29
17041.0,19
17042.0,28
17043.0,23
17044.0,21
17045.0,20
17046.0,21
17047.0,19
17048.0,21
17049.0,11
17050.0,36
17051.0,33
17052.0,24
17053.0,13
17054.0,29
17055.0,33
17056.0,28
17057.0,14
17058.0,27
17059.0,25
17060.0,30
17061.0,15
17062.0,36
17063.0,12
17064.0,18
17065.0,26
17066.0,12
17067.0,32
17068.0,22
17069.0,19
17070.0,24
17071.0,20
17072.0,19
17073.0,20
17074.0,29
17075.0,15
17076.0,13
17077.0,17
17078.0,15
17079.0,15
17080.0,18
17081.0,25
17082.0,21
17083.0,12
17084.0,9
17085.0,4
17086.0,11
17087.0,40
17088.0,16
17089.0,21
17090.0,22
17091.0,20
17092.0,13
17093.0,14
17094.0,19
17095.0,17
17096.0,18
17097.0,25
17098.0,15
17099.0,20
17100.0,35
17101.0,27
17102.0,18
17103.0,12
17104.0,15
17105.0,27
17106.0,13
17107.0,11
17108.0,19
17109.0,20
17110.0,26
17111.0,21
17112.0,29
17113.0,16
17114.0,21
17115.0,31
17116.0,24
17117.0,18
17118.0,19
17119.0,17
17120.0,28
17121.0,22
17122.0,17
17123.0,21
17124.0,22
17125.0,27
17126.0,20
17127.0,17
17128.0,45
17129.0,17
17130.0,42
17131.0,26
17132.0,21
17133.0,16
17134.0,25
17135.0,21
17136.0,38
17137.0,22
17138.0,17
17139.0,21
17140.0,41
17141.0,32
17142.0,24
17143.0,33
17144.0,25
17145.0,26
17146.0,19
17147.0,26
17148.0,11
17149.0,14
17150.0,28
17151.0,23
17152.0,17
17153.0,22
17154.0,25
17155.0,19
17156.0,14
17157.0,27
17158.0,21
17159.0,33
17160.0,27
17161.0,20
17162.0,40
17163.0,28
17164.0,21
17165.0,22
17166.0,18
17167.0,27
17168.0,29
17169.0,17
17170.0,21
17171.0,44
17172.0,19
17173.0,27
17174.0,22
17175.0,42
17176.0,22
17177.0,20
17178.0,25
17179.0,33
17180.0,30
17181.0,29
17182.0,31
17183.0,31
17184.0,34
17185.0,27
17186.0,36
17187.0,20
17188.0,21
17189.0,5
17190.0,30
17191.0,38
17192.0,23
17193.0,17
17194.0,21
17195.0,23
17196.0,21
17197.0,5
17198.0,9
17199.0,18
17200.0,23
17201.0,12
17202.0,16
17203.0,9
17204.0,19
17205.0,10
17206.0,16
17207.0,21
17208.0,7
17209.0,8
17210.0,35
17211.0,34
17212.0,19
17213.0,7
17214.0,9
17215.0,25
17216.0,17
17217.0,7
17218.0,3
17219.0,21
17220.0,25
17221.0,38
17222.0,14
17223.0,20
17224.0,17
17225.0,19
17226.0,14
17227.0,20
17228.0,26
17229.0,12
17230.0,35
17231.0,23
17232.0,14
17233.0,6
17234.0,34
17235.0,22
17236.0,19
17237.0,16
17238.0,21
17239.0,36
17240.0,26
17241.0,25
17242.0,25
17243.0,30
17244.0,10
17245.0,35
17246.0,14
17247.0,15
17248.0,36
17249.0,14
17250.0,33
17251.0,22
17252.0,29
17253.0,8
17254.0,14
17255.0,21
17256.0,22
17257.0,17
17258.0,12
17259.0,15
17260.0,25
17261.0,25
17262.0,41
17263.0,32
17264.0,23
17265.0,5
17266.0,16
17267.0,21
17268.0,11
17269.0,9
17270.0,29
17271.0,18
17272.0,7
17273.0,12
17274.0,29
17275.0,26
17276.0,18
17277.0,11
17278.0,21
17279.0,17
17280.0,22
17281.0,16
17282.0,19
17283.0,21
17284.0,8
17285.0,31
17286.0,16
17287.0,17
17288.0,12
17289.0,16
17290.0,36
17291.0,32
17292.0,15
17293.0,11
17294.0,9
17295.0,14
17296.0,12
17297.0,9
17298.0,15
17299.0,21
17300.0,22
17301.0,9
17302.0,17
17303.0,17
17304.0,4
17305.0,18
17306.0,21
17307.0,40
17308.0,20
17309.0,7
17310.0,12
17311.0,27
17312.0,6
17313.0,1
17314.0,11
17315.0,16
17316.0,17
17317.0,4
17318.0,7
17319.0,12
17320.0,11
17321.0,9
17322.0,13
17323.0,11
17324.0,7
17325.0,8
17326.0,7
17327.0,6
17328.0,10
17329.0,9
17330.0,11
17331.0,12
17332.0,11
17333.0,4
17334.0,7
17335.0,23
17336.0,11
17337.0,9
17338.0,17
17339.0,16
17340.0,17
17341.0,13
17342.0,20
17343.0,20
17344.0,16
17345.0,10
17346.0,21
17347.0,9
17348.0,20
17349.0,19
17350.0,24
17351.0,15
17352.0,12
17353.0,5
17354.0,17
17355.0,21
17356.0,18
17357.0,5
17358.0,6
17359.0,8
17360.0,36
17361.0,13
17362.0,12
17363.0,15
17364.0,13
17365.0,15
17366.0,13
17367.0,16
17368.0,29
17369.0,15
17370.0,10
17371.0,26
17372.0,9
17373.0,17
17374.0,5
17375.0,13
17376.0,4
17377.0,6
17378.0,17
17379.0,4
17380.0,8
17381.0,19
17382.0,31
17383.0,7
17384.0,11
17385.0,12
17386.0,13
17387.0,7
17388.0,4
17389.0,3
17390.0,21
17391.0,18
17392.0,9
17393.0,13
17394.0,23
17395.0,36
17396.0,25
17397.0,22
17398.0,22
17399.0,11
17400.0,15
17401.0,19
17402.0,14
17403.0,9
17404.0,3
17405.0,14
17406.0,8
17407.0,5
17408.0,16
17409.0,13
17410.0,11
17411.0,33
17412.0,16
17413.0,12
17414.0,16
17415.0,23
17416.0,10
17417.0,16
17418.0,15
17419.0,22
17420.0,22
17421.0,6
17422.0,7
17423.0,17
17424.0,13
17425.0,15
17426.0,16
17427.0,20
17428.0,24
17429.0,8
17430.0,22
17431.0,32
17432.0,32
17433.0,19
17434.0,6
17435.0,15
17436.0,20
17437.0,10
17438.0,13
17439.0,34
17440.0,16
17441.0,32
17442.0,20
17443.0,20
17444.0,22
17445.0,25
17446.0,20
17447.0,19
17448.0,15
17449.0,8
17450.0,25
17451.0,14
17452.0,14
17453.0,9
17454.0,14
17455.0,11
17456.0,7
17457.0,15
17458.0,13
17459.0,15
17460.0,18
17461.0,13
17462.0,21
17463.0,8
17464.0,7
17465.0,12
17466.0,11
17467.0,9
17468.0,4
17469.0,9
17470.0,12
17471.0,13
17472.0,5
17473.0,13
17474.0,9
17475.0,9
17476.0,10
17477.0,8
17478.0,8
17479.0,6
17480.0,21
17481.0,7
17482.0,17
17483.0,12
17484.0,7
17485.0,9
17486.0,7
17487.0,9
17488.0,19
17489.0,6
17490.0,18
17491.0,10
17492.0,4
17493.0,9
17494.0,12
17495.0,6
17496.0,3
17497.0,10
17498.0,11
17499.0,3
17500.0,14
17501.0,13
17502.0,26
17503.0,15
17504.0,3
17505.0,7
17506.0,15
17507.0,7
17508.0,6
17509.0,9
17510.0,12
17511.0,8
17512.0,11
17513.0,13
17514.0,6
17515.0,22
17516.0,6
17517.0,6
17518.0,10
17519.0,14
17520.0,12
17521.0,10
17522.0,10
17523.0,13
17524.0,16
17525.0,6
17526.0,14
17527.0,14
17528.0,9
17529.0,3
17530.0,22
17531.0,28
17532.0,16
17533.0,6
17534.0,11
17535.0,22
17536.0,17
17537.0,10
17538.0,21
17539.0,17
17540.0,24
17541.0,10
17542.0,10
17543.0,8
17544.0,3
17545.0,16
17546.0,12
17547.0,16
17548.0,16
17549.0,4
17550.0,12
17551.0,5
17552.0,1
17553.0,16
17554.0,9
17555.0,11
17556.0,3
17557.0,13
17558.0,11
17559.0,5
17560.0,7
17561.0,5
17562.0,1
17563.0,4
17564.0,9
17565.0,10
17566.0,9
17567.0,3
17568.0,1
17569.0,7
17570.0,12
17571.0,7
17572.0,7
17573.0,5
17574.0,7
17575.0,10
17576.0,3
17577.0,2
17578.0,4
17579.0,4
17580.0,11
17581.0,9
17582.0,12
17583.0,1
17584.0,5
17585.0,4
17586.0,5
17587.0,8
17588.0,13
17589.0,1
17590.0,19
17591.0,10
17592.0,7
17593.0,33
17594.0,20
17595.0,55
17596.0,40
17597.0,29
17598.0,37
17599.0,30
17600.0,27
17601.0,20
17602.0,25
17603.0,15
17604.0,16
17605.0,17
17606.0,21
17607.0,21
17608.0,32
17609.0,14
17610.0,31
17611.0,17
17612.0,18
17613.0,15
17614.0,21
17615.0,22
17616.0,23
17617.0,23
17618.0,20
17619.0,32
17620.0,31
17621.0,15
17622.0,46
17623.0,39
17624.0,15
17625.0,26
17626.0,25
17627.0,34
17628.0,25
17629.0,20
17630.0,34
17631.0,40
17632.0,28
17633.0,14
17634.0,31
17635.0,22
17636.0,19
17637.0,23
17638.0,24
17639.0,16
17640.0,19
17641.0,22
17642.0,32
17643.0,20
17644.0,22
17645.0,15
17646.0,23
17647.0,9
17648.0,12
17649.0,13
17650.0,18
17651.0,15
17652.0,22
17653.0,17
17654.0,18
17655.0,15
17656.0,17
17657.0,30
17658.0,33
17659.0,22
17660.0,24
17661.0,12
17662.0,27
17663.0,21
17664.0,17
17665.0,19
17666.0,28
17667.0,13
17668.0,32
17669.0,19
17670.0,23
17671.0,19
17672.0,15
17673.0,27
17674.0,15
17675.0,18
17676.0,24
17677.0,16
17678.0,18
17679.0,15
17680.0,20
17681.0,18
17682.0,30
17683.0,19
17684.0,19
17685.0,17
17686.0,27
17687.0,12
17688.0,30
17689.0,30
17690.0,25
17691.0,34
17692.0,29
17693.0,11
17694.0,20
17695.0,43
17696.0,40
17697.0,22
17698.0,17
17699.0,30
17700.0,23
17701.0,25
17702.0,27
17703.0,31
17704.0,19
17705.0,42
17706.0,29
17707.0,21
17708.0,30
17709.0,15
17710.0,24
17711.0,34
17712.0,21
17713.0,22
17714.0,27
17715.0,32
17716.0,10
17717.0,21
17718.0,28
17719.0,24
17720.0,28
17721.0,20
17722.0,31
17723.0,26
17724.0,28
17725.0,20
17726.0,31
17727.0,18
17728.0,30
17729.0,17
17730.0,32
17731.0,23
17732.0,19
17733.0,10
17734.0,9
17735.0,14
17736.0,7
17737.0,12
17738.0,11
17739.0,11
17740.0,21
17741.0,24
17742.0,27
17743.0,31
17744.0,11
17745.0,17
17746.0,23
17747.0,18
17748.0,13
17749.0,13
17750.0,30
17751.0,21
17752.0,13
17753.0,22
17754.0,24
17755.0,16
17756.0,17
17757.0,18
17758.0,24
17759.0,19
17760.0,27
17761.0,12
17762.0,21
17763.0,14
17764.0,11
17765.0,21
17766.0,15
17767.0,14
17768.0,18
17769.0,10
17770.0,27
17771.0,31
17772.0,19
17773.0,10
17774.0,21
17775.0,29
17776.0,19
17777.0,26
17778.0,29
17779.0,21
17780.0,27
17781.0,10
17782.0,29
17783.0,20
17784.0,18
17785.0,14
17786.0,15
17787.0,19
17788.0,27
17789.0,16
17790.0,30
17791.0,17
17792.0,18
17793.0,11
17794.0,22
17795.0,30
17796.0,34
17797.0,17
17798.0,34
17799.0,21
17800.0,31
17801.0,19
17802.0,28
17803.0,20
17804.0,29
17805.0,27
17806.0,23
17807.0,27
17808.0,19
17809.0,25
17810.0,26
17811.0,35
17812.0,24
17813.0,16
17814.0,22
17815.0,28
17816.0,23
17817.0,17
17818.0,19
17819.0,26
17820.0,16
17821.0,20
17822.0,18
17823.0,12
17824.0,27
17825.0,21
17826.0,21
17827.0,18
17828.0,23
17829.0,16
17830.0,23
17831.0,19
17832.0,64
17833.0,22
17834.0,74
17835.0,64
17836.0,54
17837.0,60
17838.0,67
17839.0,48
17840.0,46
17841.0,33
17842.0,17
17843.0,20
17844.0,13
17845.0,23
17846.0,14
17847.0,22
17848.0,25
17849.0,12
17850.0,25
17851.0,17
17852.0,11
17853.0,20
17854.0,18
17855.0,15
17856.0,18
17857.0,22
17858.0,29
17859.0,17
17860.0,22
17861.0,18
17862.0,32
17863.0,24
17864.0,13
17865.0,24
17866.0,27
17867.0,34
17868.0,18
17869.0,9
17870.0,18
17871.0,11
17872.0,6
17873.0,5
17874.0,9
17875.0,16
17876.0,5
17877.0,5
17878.0,5
17879.0,9
17880.0,13
17881.0,7
17882.0,15
17883.0,12
17884.0,18
17885.0,8
17886.0,15
17887.0,9
17888.0,19
17889.0,4
17890.0,19
17891.0,20
17892.0,9
17893.0,13
17894.0,13
17895.0,9
17896.0,5
17897.0,10
17898.0,16
17899.0,13
17900.0,19
17901.0,4
17902.0,16
17903.0,12
17904.0,11
17905.0,8
17906.0,6
17907.0,11
17908.0,19
17909.0,5
17910.0,14
17911.0,7
17913.0,8
17914.0,10
17915.0,14
17916.0,8
17917.0,5
17918.0,10
17919.0,6
17920.0,7
17921.0,3
17922.0,13
17923.0,1
17924.0,11
17925.0,4
17926.0,8
17927.0,8
17928.0,7
17929.0,9
17930.0,19
17931.0,9
17932.0,5
17933.0,2
17934.0,7
17935.0,13
17936.0,3
17937.0,3
17938.0,7
17939.0,6
17940.0,12
17941.0,1
17942.0,9
17943.0,8
17944.0,2
17945.0,13
17946.0,6
17947.0,2
17948.0,2
17950.0,14
17951.0,10
17952.0,5
17953.0,8
17954.0,14
17955.0,13
17956.0,15
17957.0,2
17958.0,13
17959.0,11
17960.0,12
17961.0,6
17962.0,8
17963.0,5
17964.0,3
17965.0,12
17966.0,11
17967.0,6
17968.0,18
17969.0,2
17970.0,18
17971.0,17
17972.0,6
17973.0,3
17974.0,18
17975.0,5
17976.0,10
17977.0,11
17978.0,12
17979.0,14
17980.0,13
17981.0,18
17982.0,27
17983.0,12
17984.0,8
17985.0,6
17986.0,8
17987.0,14
17988.0,9
17989.0,7
17990.0,22
17991.0,9
17992.0,5
17993.0,7
17994.0,11
17995.0,23
17996.0,19
17997.0,7
17998.0,22
17999.0,14
18000.0,18
18001.0,14
18002.0,11
18003.0,4
18004.0,5
18005.0,10
18006.0,8
18007.0,12
18008.0,2
18009.0,5
18010.0,14
18011.0,18
18012.0,3
18013.0,9
18014.0,8
18015.0,17
18016.0,9
18017.0,9
18018.0,11
18019.0,11
18020.0,19
18021.0,28
18022.0,25
18023.0,14
18024.0,6
18025.0,5
18026.0,14
18027.0,18
18028.0,31
18029.0,4
18030.0,14
18031.0,6
18032.0,6
18033.0,8
18034.0,3
18035.0,9
18036.0,3
18037.0,4
18038.0,8
18039.0,3
18040.0,9
18041.0,9
18042.0,9
18043.0,11
18044.0,33
18045.0,18
18046.0,15
18047.0,13
18048.0,9
18049.0,10
18050.0,15
18051.0,17
18052.0,28
18053.0,16
18054.0,6
18055.0,7
18056.0,10
18057.0,11
18058.0,18
18059.0,20
18060.0,6
18061.0,4
18062.0,17
18063.0,24
18064.0,14
18065.0,7
18066.0,12
18067.0,8
18068.0,7
18069.0,2
18070.0,19
18071.0,11
18072.0,10
18073.0,4
18074.0,11
18075.0,20
18076.0,9
18077.0,10
18078.0,13
18079.0,11
18080.0,20
18081.0,6
18082.0,9
18083.0,8
18084.0,6
18085.0,6
18086.0,3
18087.0,8
18088.0,21
18089.0,12
18090.0,14
18091.0,14
18092.0,7
18093.0,13
18094.0,5
18095.0,18
18096.0,3
18097.0,8
18098.0,11
18099.0,2
18100.0,13
18101.0,17
18102.0,25
18103.0,16
18104.0,12
18105.0,10
18106.0,16
18107.0,4
18108.0,2
18109.0,1
18110.0,14
18111.0,8
18112.0,8
18113.0,3
18114.0,7
18115.0,6
18116.0,8
18117.0,2
18118.0,6
18119.0,8
18120.0,10
18121.0,6
18122.0,4
18123.0,5
18124.0,5
18125.0,9
18126.0,10
18127.0,10
18128.0,4
18129.0,2
18130.0,25
18131.0,19
18132.0,6
18133.0,4
18134.0,11
18135.0,23
18136.0,5
18137.0,8
18138.0,7
18139.0,21
18140.0,12
18141.0,15
18142.0,13
18143.0,3
18144.0,10
18145.0,8
18146.0,4
18147.0,14
18148.0,29
18149.0,7
18150.0,17
18151.0,15
18152.0,13
18153.0,1
18154.0,14
18155.0,12
18156.0,18
18157.0,20
18158.0,12
18159.0,6
18160.0,18
18161.0,15
18162.0,9
18163.0,14
18164.0,5
18165.0,6
18166.0,19
18167.0,6
18168.0,13
18169.0,11
18170.0,13
18171.0,20
18172.0,13
18173.0,11
18174.0,8
18175.0,12
18176.0,11
18177.0,18
18178.0,17
18179.0,5
18180.0,12
18181.0,13
18182.0,8
18183.0,13
18184.0,10
18185.0,8
18186.0,11
18187.0,10
18188.0,8
18189.0,7
18190.0,18
18191.0,15
18192.0,2
18193.0,2
18194.0,6
18195.0,22
18196.0,3
18197.0,10
18198.0,3
18199.0,10
18200.0,14
18201.0,10
18202.0,13
18203.0,6
18204.0,4
18205.0,10
18206.0,3
18207.0,8
18208.0,17
18209.0,2
18210.0,15
18211.0,5
18212.0,7
18213.0,17
18214.0,12
18215.0,7
18216.0,13
18217.0,10
18218.0,6
18219.0,10
18220.0,18
18221.0,28
18222.0,36
18223.0,5
18224.0,14
18225.0,8
18226.0,10
18227.0,7
18228.0,12
18229.0,9
18230.0,16
18231.0,11
18232.0,10
18233.0,12
18234.0,9
18235.0,6
18236.0,13
18237.0,18
18238.0,2
18239.0,4
18240.0,11
18241.0,4
18242.0,10
18243.0,24
18244.0,26
18245.0,6
18246.0,3
18247.0,6
18248.0,12
18249.0,11
18250.0,13
18251.0,20
18252.0,10
18253.0,5
18254.0,7
18255.0,24
18256.0,20
18257.0,6
18258.0,40
18259.0,5
18260.0,25
18261.0,16
18262.0,15
18263.0,8
18264.0,7
18265.0,14
18266.0,13
18267.0,11
18268.0,20
18269.0,4
18270.0,15
18271.0,5
18272.0,5
18273.0,14
18274.0,3
18275.0,4
18276.0,6
18277.0,4
18278.0,4
18279.0,3
18280.0,8
18281.0,9
18282.0,11
18283.0,1
18284.0,12
18285.0,15
18286.0,22
18287.0,7
18288.0,2
18289.0,11
18290.0,13
18291.0,22
18292.0,14
18293.0,9
18294.0,12
18295.0,7
18296.0,8
18297.0,5
18298.0,3
18299.0,5
18300.0,10
18301.0,9
18302.0,6
18303.0,5
18304.0,8
18305.0,9
18306.0,6
18307.0,6
18308.0,6
18309.0,12
18310.0,13
18311.0,17
18312.0,4
18313.0,17
18314.0,11
18315.0,8
18316.0,10
18317.0,7
18318.0,7
18319.0,7
18320.0,25
18321.0,8
18322.0,10
18323.0,11
18324.0,10
18325.0,15
18326.0,10
18327.0,17
18328.0,26
18329.0,20
18330.0,20
18331.0,13
18332.0,12
18333.0,9
18334.0,14
18335.0,13
18336.0,6
18337.0,21
18338.0,13
18339.0,7
18340.0,11
18341.0,12
18342.0,28
18343.0,9
18344.0,9
18345.0,11
18346.0,12
18347.0,10
18348.0,4
18349.0,9
18350.0,15
18351.0,19
18352.0,11
18353.0,13
18354.0,9
18355.0,14
18356.0,9
18357.0,4
18358.0,6
18359.0,2
18360.0,6
18361.0,5
18362.0,4
18363.0,10
18364.0,9
18365.0,9
18366.0,9
18367.0,6
18368.0,9
18369.0,22
18370.0,25
18371.0,13
18372.0,3
18373.0,3
18374.0,13
18375.0,13
18376.0,3
18377.0,8
18378.0,9
18379.0,16
18380.0,13
18381.0,2
18382.0,15
18383.0,18
18384.0,8
18385.0,15
18386.0,10
18387.0,21
18388.0,15
18389.0,2
18390.0,12
18391.0,7
18392.0,5
18393.0,7
18394.0,12
18395.0,13
18396.0,9
18397.0,2
18398.0,6
18399.0,17
18400.0,32
18401.0,6
18402.0,3
18403.0,11
18404.0,5
18405.0,14
18406.0,14
18407.0,8
18408.0,6
18409.0,5
18410.0,20
18411.0,14
18412.0,11
18413.0,9
18414.0,8
18415.0,9
18416.0,6
18417.0,9
18418.0,13
18419.0,4
18420.0,8
18421.0,2
18422.0,7
18423.0,9
18424.0,10
18425.0,6
18426.0,7
18427.0,11
18428.0,8
18429.0,9
18430.0,17
18431.0,11
18432.0,16
18433.0,3
18434.0,9
18435.0,9
18436.0,17
18437.0,5
18438.0,15
18439.0,5
18440.0,12
18441.0,4
18442.0,7
18443.0,6
18444.0,6
18445.0,12
18446.0,4
18447.0,6
18448.0,17
18449.0,6
18450.0,13
18451.0,10
18452.0,2
18453.0,4
18454.0,5
18455.0,9
18456.0,2
18457.0,1
18458.0,8
18459.0,2
18460.0,18
18461.0,11
18462.0,34
18463.0,17
18464.0,7
18465.0,5
18466.0,11
18467.0,7
18468.0,5
18469.0,4
18470.0,11
18471.0,15
18472.0,5
18473.0,8
18474.0,16
18475.0,11
18476.0,3
18477.0,9
18478.0,11
18479.0,2
18480.0,7
18481.0,4
18482.0,7
18483.0,5
18484.0,12
18485.0,10
18486.0,24
18487.0,1
18488.0,8
18490.0,25
18491.0,20
18492.0,7
18493.0,6
18494.0,5
18495.0,10
18496.0,11
18497.0,17
18498.0,8
18499.0,11
18500.0,20
18501.0,6
18502.0,18
18503.0,20
18504.0,6
18505.0,14
18506.0,11
18507.0,12
18508.0,23
18509.0,12
18510.0,20
18511.0,23
18512.0,4
18513.0,8
18514.0,8
18515.0,10
18516.0,10
18517.0,14
18518.0,16
18519.0,10
18520.0,15
18521.0,10
18522.0,12
18523.0,13
18524.0,6
18525.0,7
18526.0,6
18527.0,10
18528.0,17
18529.0,17
18530.0,12
18531.0,6
18532.0,7
18533.0,5
18534.0,11
18535.0,8
18536.0,6
18537.0,21
18538.0,7
18539.0,16
18540.0,21
18541.0,12
18542.0,7
18543.0,4
18544.0,5
18545.0,5
18546.0,16
18547.0,11
18548.0,10
18549.0,8
18550.0,24
18551.0,21
18552.0,14
18553.0,11
18554.0,18
18555.0,17
18556.0,6
18557.0,9
18558.0,10
18559.0,9
18560.0,16
18561.0,10
18562.0,15
18563.0,8
18564.0,8
18565.0,9
18566.0,8
18567.0,15
18568.0,22
18569.0,7
18570.0,21
18571.0,10
18572.0,10
18573.0,5
18574.0,13
18575.0,10
18576.0,16
18577.0,13
18578.0,18
18579.0,19
18580.0,21
18581.0,17
18582.0,34
18583.0,6
18584.0,11
18585.0,21
18586.0,17
18587.0,11
18588.0,19
18589.0,6
18590.0,13
18591.0,11
18592.0,15
18593.0,10
18594.0,10
18595.0,10
18596.0,7
18597.0,5
18598.0,6
18599.0,5
18600.0,16
18601.0,1
18602.0,8
18603.0,5
18604.0,3
18605.0,12
18606.0,10
18607.0,6
18608.0,5
18609.0,2
18610.0,11
18611.0,10
18612.0,5
18614.0,13
18615.0,12
18616.0,2
18617.0,3
18618.0,13
18619.0,19
18620.0,14
18621.0,4
18622.0,11
18623.0,4
18624.0,7
18625.0,10
18626.0,6
18627.0,7
18628.0,14
18629.0,7
18630.0,13
18631.0,10
18632.0,1
18633.0,2
18634.0,4
18635.0,10
18636.0,9
18637.0,2
18638.0,6
18639.0,3
18640.0,6
18641.0,4
18642.0,5
18643.0,5
18644.0,3
18645.0,4
18646.0,8
18647.0,4
18648.0,2
18649.0,2
18650.0,11
18651.0,11
18652.0,5
18653.0,5
18654.0,11
18655.0,25
18656.0,9
18657.0,3
18658.0,3
18659.0,4
18660.0,8
18661.0,7
18662.0,6
18663.0,8
18664.0,18
18665.0,8
18666.0,9
18667.0,3
18668.0,5
18669.0,9
18670.0,20
18671.0,15
18672.0,16
18673.0,24
18674.0,25
18675.0,17
18676.0,15
18677.0,9
18678.0,18
18679.0,28
18680.0,16
18681.0,7
18682.0,11
18683.0,20
18684.0,14
18685.0,17
18686.0,24
18687.0,9
18688.0,33
18689.0,12
18690.0,27
18691.0,15
18692.0,7
18693.0,3
18694.0,4
18695.0,12
18696.0,7
18697.0,13
18698.0,19
18699.0,2
18700.0,18
18701.0,28
18702.0,40
18703.0,26
18704.0,20
18705.0,7
18706.0,5
18707.0,7
18708.0,4
18709.0,6
18710.0,16
18711.0,6
18712.0,3
18714.0,7
18715.0,14
18716.0,17
18717.0,13
18718.0,4
18719.0,6
18720.0,8
18721.0,2
18722.0,12
18723.0,17
18724.0,7
18725.0,6
18726.0,14
18727.0,7
18728.0,15
18729.0,21
18730.0,18
18731.0,18
18732.0,9
18733.0,7
18734.0,17
18735.0,17
18736.0,14
18737.0,17
18738.0,14
18739.0,26
18740.0,26
18741.0,6
18742.0,20
18743.0,19
18744.0,12
18745.0,17
18746.0,11
18747.0,13
18748.0,21
18749.0,16
18750.0,29
18751.0,12
18752.0,7
18753.0,13
18754.0,15
18755.0,11
18756.0,15
18757.0,15
18758.0,9
18759.0,11
18760.0,15
18761.0,9
18762.0,13
18763.0,3
18764.0,8
18765.0,14
18766.0,19
18767.0,6
18768.0,7
18769.0,14
18770.0,17
18771.0,7
18772.0,10
18773.0,15
18774.0,11
18775.0,12
18776.0,10
18777.0,8
18778.0,9
18779.0,3
18780.0,12
18781.0,11
18782.0,6
18783.0,2
18784.0,15
18785.0,14
18786.0,9
18787.0,5
18788.0,5
18789.0,2
18790.0,17
18791.0,12
18792.0,3
18793.0,2
18794.0,10
18795.0,12
18796.0,2
18798.0,11
18799.0,7
18800.0,13
18801.0,5
18802.0,8
18803.0,15
18804.0,13
18805.0,15
18806.0,12
18807.0,5
18808.0,16
18809.0,8
18810.0,17
18811.0,7
18812.0,6
18813.0,7
18814.0,3
18815.0,4
18816.0,12
18817.0,11
18818.0,11
18819.0,1
18820.0,10
18821.0,12
18822.0,34
18823.0,8
18824.0,26
18825.0,20
18826.0,16
18827.0,15
18828.0,16
18829.0,6
18830.0,12
18831.0,15
18832.0,10
18833.0,8
18834.0,20
18835.0,23
18836.0,8
18837.0,14
18838.0,8
18839.0,9
18840.0,17
18841.0,6
18842.0,21
18843.0,5
18844.0,8
18845.0,16
18846.0,14
18847.0,10
18848.0,9
18849.0,12
18850.0,21
18851.0,18
18852.0,18
18853.0,5
18854.0,22
18855.0,24
18856.0,9
18857.0,18
18858.0,8
18859.0,23
18860.0,21
18861.0,16
18862.0,22
18863.0,5
18864.0,20
18865.0,29
18866.0,16
18867.0,33
18868.0,24
18869.0,6
18870.0,23
18871.0,8
18872.0,18
18873.0,20
18874.0,17
18875.0,11
18876.0,9
18877.0,16
18878.0,9
18879.0,11
18880.0,14
18881.0,7
18882.0,6
18883.0,5
18884.0,16
18885.0,14
18886.0,6
18887.0,17
18888.0,8
18889.0,4
18890.0,10
18891.0,6
18892.0,3
18893.0,7
18894.0,5
18895.0,16
18896.0,3
18897.0,8
18898.0,1
18899.0,10
18900.0,16
18901.0,6
18902.0,5
18903.0,11
18904.0,3
18905.0,4
18906.0,13
18907.0,14
18908.0,6
18909.0,6
18910.0,16
18911.0,6
18912.0,10
18913.0,8
18914.0,10
18915.0,17
18916.0,3
18917.0,6
18918.0,13
18919.0,12
18920.0,13
18921.0,13
18922.0,17
18923.0,9
18924.0,17
18925.0,30
18926.0,8
18927.0,12
18928.0,18
18929.0,15
18930.0,16
18931.0,22
18932.0,7
18933.0,10
18934.0,15
18935.0,5
18936.0,14
18937.0,14
18938.0,7
18939.0,10
18940.0,10
18941.0,16
18942.0,41
18943.0,10
18944.0,20
18945.0,12
18946.0,23
18947.0,3
18948.0,8
18949.0,5
18950.0,18
18951.0,11
18952.0,3
18953.0,12
18954.0,5
18955.0,15
18956.0,16
18957.0,7
18958.0,11
18959.0,9
18960.0,7
18961.0,12
18962.0,10
18963.0,5
18964.0,1
18965.0,5
18966.0,2
18967.0,7
18968.0,7
18969.0,15
18970.0,19
18971.0,19
18972.0,5
18973.0,17
18974.0,23
18975.0,11
18976.0,9
18977.0,10
18978.0,11
18979.0,18
18980.0,16
18981.0,8
18982.0,12
18983.0,6
18984.0,14
18985.0,18
18986.0,6
18987.0,7
18988.0,21
18990.0,14
18991.0,12
18992.0,7
18993.0,2
18994.0,8
18995.0,12
18996.0,3
18997.0,10
18998.0,9
18999.0,7
19000.0,11
19001.0,6
19002.0,4
19003.0,4
19004.0,2
19005.0,4
19006.0,8
19007.0,3
19008.0,1
19009.0,10
19010.0,11
19011.0,7
19012.0,6
19013.0,1
19014.0,4
19015.0,13
19016.0,3
19017.0,7
19018.0,4
19019.0,4
19020.0,12
19021.0,10
19022.0,6
19023.0,10
19024.0,8
19025.0,8
19026.0,9
19027.0,7
19028.0,23
19029.0,4
19030.0,21
19031.0,23
19032.0,27
19033.0,31
19034.0,30
19035.0,43
19036.0,17
19037.0,21
19038.0,16
19039.0,20
19040.0,26
19041.0,20
19042.0,14
19043.0,16
19044.0,13
19045.0,16
19046.0,28
19047.0,21
19048.0,21
19049.0,25
19050.0,20
19051.0,26
19052.0,9
19053.0,5
19054.0,15
19055.0,17
19056.0,13
19057.0,19
19058.0,10
19059.0,11
19060.0,20
19061.0,20
19062.0,46
19063.0,22
19064.0,13
19065.0,12
19066.0,14
19067.0,14
19068.0,10
19069.0,17
19070.0,19
19071.0,13
19072.0,11
19073.0,21
19074.0,17
19075.0,17
19076.0,13
19077.0,10
19078.0,17
19079.0,16
19080.0,11
19081.0,13
19082.0,16
19083.0,13
19084.0,9
19085.0,11
19086.0,17
19087.0,7
19088.0,5
19089.0,12
19090.0,12
19091.0,12
19092.0,14
19093.0,6
19094.0,11
19095.0,23
19096.0,12
19097.0,15
19098.0,32
19099.0,23
19100.0,24
19101.0,23
19102.0,23
19103.0,14
19104.0,19
19105.0,17
19106.0,17
19107.0,17
19108.0,37
19109.0,9
19110.0,20
19111.0,12
19112.0,6
19113.0,14
19114.0,12
19115.0,12
19116.0,15
19117.0,7
19118.0,12
19119.0,13
19120.0,15
19121.0,13
19122.0,13
19123.0,4
19124.0,11
19125.0,4
19126.0,14
19127.0,13
19128.0,4
19129.0,6
19130.0,8
19131.0,19
19132.0,2
19133.0,3
19134.0,9
19135.0,16
19136.0,4
19137.0,3
19138.0,4
19139.0,8
19140.0,8
19141.0,3
19142.0,7
19143.0,9
19144.0,6
19145.0,9
19146.0,4
19147.0,8
19148.0,3
19149.0,1
19150.0,16
19151.0,9
19152.0,1
19153.0,4
19154.0,7
19155.0,15
19156.0,3
19157.0,1
19158.0,5
19159.0,5
19160.0,13
19161.0,1
19162.0,9
19163.0,13
19164.0,2
19165.0,11
19166.0,10
19167.0,5
19168.0,16
19169.0,2
19170.0,19
19171.0,12
19172.0,3
19173.0,1
19174.0,3
19175.0,11
19176.0,5
19177.0,6
19178.0,11
19179.0,4
19180.0,18
19181.0,14
19182.0,21
19183.0,4
19184.0,2
19185.0,4
19186.0,7
19187.0,3
19189.0,3
19190.0,11
19191.0,9
19192.0,3
19193.0,3
19194.0,7
19195.0,7
19196.0,5
19197.0,2
19198.0,8
19199.0,2
19200.0,8
19201.0,7
19202.0,10
19203.0,3
19204.0,12
19205.0,12
19206.0,5
19207.0,16
19208.0,12
19209.0,8
19210.0,13
19211.0,21
19212.0,30
19213.0,12
19214.0,14
19215.0,14
19216.0,11
19217.0,13
19218.0,8
19219.0,16
19220.0,19
19221.0,4
19222.0,13
19223.0,13
19224.0,4
19225.0,16
19226.0,12
19227.0,9
19228.0,29
19229.0,4
19230.0,15
19231.0,19
19232.0,2
19233.0,8
19234.0,10
19235.0,20
19236.0,10
19237.0,6
19238.0,6
19239.0,4
19240.0,6
19241.0,6
19242.0,6
19243.0,4
19244.0,6
19245.0,8
19246.0,11
19247.0,2
19248.0,2
19249.0,7
19250.0,12
19251.0,8
19252.0,2
19253.0,2
19254.0,4
19255.0,10
19256.0,12
19257.0,7
19258.0,5
19259.0,5
19260.0,10
19261.0,7
19262.0,6
19263.0,3
19264.0,3
19265.0,4
19266.0,11
19267.0,4
19268.0,3
19270.0,17
19271.0,12
19272.0,8
19273.0,6
19274.0,9
19275.0,18
19276.0,12
19277.0,7
19278.0,13
19279.0,10
19280.0,22
19281.0,12
19282.0,10
19283.0,16
19284.0,10
19285.0,10
19286.0,25
19287.0,15
19288.0,38
19289.0,6
19290.0,17
19291.0,8
19292.0,12
19293.0,6
19294.0,7
19295.0,14
19296.0,13
19297.0,15
19298.0,9
19299.0,7
19300.0,19
19301.0,6
19302.0,31
19303.0,9
19304.0,2
19305.0,7
19306.0,15
19307.0,14
19308.0,7
19309.0,6
19310.0,17
19311.0,14
19312.0,2
19313.0,6
19314.0,6
19315.0,10
19316.0,4
19317.0,5
19318.0,4
19319.0,8
19320.0,7
19321.0,4
19322.0,11
19323.0,5
19324.0,7
19325.0,3
19326.0,7
19327.0,3
19328.0,6
19330.0,19
19331.0,16
19332.0,7
19333.0,2
19334.0,10
19335.0,14
19336.0,6
19337.0,7
19338.0,12
19339.0,18
19340.0,18
19341.0,3
19342.0,20
19343.0,6
19344.0,19
19345.0,7
19346.0,8
19347.0,13
19348.0,15
19349.0,11
19350.0,12
19351.0,7
19352.0,8
19353.0,3
19354.0,14
19355.0,9
19356.0,4
19357.0,10
19358.0,13
19359.0,11
19360.0,17
19361.0,4
19362.0,5
19363.0,5
19364.0,2
19365.0,7
19366.0,14
19367.0,3
19368.0,8
19369.0,14
19370.0,17
19371.0,12
19372.0,5
19373.0,6
19374.0,4
19375.0,6
19376.0,5
19377.0,5
19378.0,5
19379.0,12
19380.0,21
19381.0,9
19382.0,12
19383.0,12
19384.0,4
19385.0,8
19386.0,4
19387.0,6
19388.0,13
19389.0,15
19390.0,12
19391.0,18
19392.0,3
19393.0,12
19394.0,32
19395.0,16
19396.0,4
19397.0,8
19398.0,10
19399.0,9
19400.0,17
19401.0,7
19402.0,6
19403.0,11
19404.0,6
19405.0,13
19406.0,15
19407.0,11
19408.0,20
19409.0,2
19410.0,20
19411.0,5
19412.0,6
19413.0,1
19414.0,6
19415.0,7
19416.0,6
19417.0,1
19418.0,9
19419.0,4
19420.0,11
19421.0,13
19422.0,24
19423.0,4
19424.0,9
19425.0,4
19426.0,9
19427.0,5
19428.0,4
19429.0,10
19430.0,19
19431.0,10
19432.0,24
19433.0,4
19434.0,4
19435.0,22
19436.0,5
19437.0,11
19438.0,6
19439.0,7
19440.0,6
19441.0,5
19442.0,6
19443.0,6
19444.0,23
19445.0,8
19446.0,8
19447.0,2
19448.0,5
19449.0,5
19450.0,13
19451.0,18
19452.0,8
19453.0,4
19454.0,9
19455.0,12
19456.0,6
19457.0,13
19458.0,14
19459.0,21
19460.0,22
19461.0,12
19462.0,22
19463.0,12
19464.0,12
19465.0,16
19466.0,14
19467.0,21
19468.0,38
19469.0,24
19470.0,16
19471.0,15
19472.0,21
19473.0,13
19474.0,14
19475.0,8
19476.0,8
19477.0,11
19478.0,25
19479.0,14
19480.0,10
19481.0,7
19482.0,9
19483.0,10
19484.0,13
19485.0,17
19486.0,26
19487.0,8
19488.0,9
19489.0,4
19490.0,20
19491.0,7
19492.0,26
19493.0,9
19494.0,12
19495.0,10
19496.0,3
19497.0,5
19498.0,9
19499.0,3
19500.0,12
19501.0,19
19502.0,12
19503.0,4
19504.0,2
19505.0,8
19506.0,7
19507.0,18
19508.0,10
19509.0,5
19510.0,17
19511.0,14
19512.0,2
19513.0,2
19514.0,13
19515.0,17
19516.0,3
19517.0,8
19518.0,8
19519.0,3
19520.0,19
19521.0,6
19522.0,10
19523.0,5
19524.0,7
19525.0,7
19526.0,11
19527.0,6
19528.0,21
19529.0,6
19530.0,13
19531.0,10
19532.0,11
19533.0,7
19534.0,6
19535.0,15
19536.0,4
19537.0,18
19538.0,8
19539.0,3
19540.0,11
19541.0,18
19542.0,20
19543.0,6
19544.0,4
19545.0,19
19546.0,18
19547.0,2
19548.0,7
19549.0,6
19550.0,18
19551.0,8
19552.0,8
19553.0,10
19554.0,7
19555.0,6
19556.0,17
19557.0,8
19558.0,4
19559.0,9
19560.0,9
19561.0,16
19562.0,12
19563.0,8
19564.0,6
19565.0,10
19566.0,5
19567.0,19
19568.0,6
19569.0,3
19570.0,13
19571.0,22
19572.0,8
19573.0,20
19574.0,13
19575.0,19
19576.0,3
19577.0,14
19578.0,18
19579.0,14
19580.0,16
19581.0,16
19582.0,8
19583.0,9
19584.0,6
19585.0,8
19586.0,16
19587.0,11
19588.0,18
19589.0,10
19590.0,15
19591.0,9
19592.0,4
19593.0,7
19594.0,14
19595.0,7
19596.0,7
19597.0,7
19598.0,13
19599.0,7
19600.0,20
19601.0,3
19602.0,8
19603.0,7
19604.0,5
19605.0,7
19606.0,8
19607.0,15
19608.0,13
19609.0,7
19610.0,13
19611.0,6
19612.0,3
19613.0,10
19614.0,9
19615.0,7
19616.0,4
19617.0,2
19618.0,8
19619.0,3
19620.0,5
19621.0,7
19622.0,5
19623.0,11
19624.0,4
19625.0,12
19626.0,3
19627.0,9
19628.0,5
19629.0,17
19630.0,9
19631.0,23
19632.0,4
19633.0,12
19634.0,11
19635.0,24
19636.0,11
19637.0,4
19638.0,17
19639.0,12
19640.0,10
19641.0,14
19642.0,16
19643.0,14
19644.0,9
19645.0,9
19646.0,18
19647.0,23
19648.0,19
19649.0,9
19650.0,21
19651.0,24
19652.0,10
19653.0,7
19654.0,9
19655.0,15
19656.0,11
19657.0,21
19658.0,20
19659.0,8
19660.0,19
19661.0,13
19662.0,27
19663.0,19
19664.0,8
19665.0,4
19666.0,9
19667.0,4
19668.0,8
19669.0,1
19670.0,22
19671.0,11
19672.0,12
19673.0,6
19674.0,7
19675.0,7
19676.0,3
19677.0,6
19678.0,4
19679.0,3
19680.0,10
19681.0,12
19682.0,13
19683.0,4
19684.0,4
19685.0,12
19686.0,3
19687.0,12
19688.0,8
19689.0,5
19690.0,19
19691.0,12
19692.0,10
19693.0,4
19694.0,8
19695.0,9
19696.0,12
19697.0,8
19698.0,10
19699.0,14
19700.0,18
19701.0,8
19702.0,17
19703.0,7
19704.0,6
19705.0,13
19706.0,10
19707.0,10
19708.0,18
19709.0,9
19710.0,12
19711.0,16
19712.0,8
19713.0,5
19714.0,5
19715.0,7
19716.0,2
19717.0,4
19718.0,7
19719.0,3
19720.0,23
19721.0,7
19722.0,10
19723.0,4
19724.0,4
19725.0,26
19726.0,45
19727.0,6
19728.0,13
19729.0,4
19730.0,17
19731.0,23
19732.0,11
19733.0,9
19734.0,15
19735.0,19
19736.0,13
19737.0,11
19738.0,7
19739.0,5
19740.0,12
19741.0,10
19742.0,8
19743.0,9
19744.0,15
19745.0,8
19746.0,9
19747.0,4
19748.0,7
19749.0,7
19750.0,13
19751.0,17
19752.0,8
19753.0,11
19754.0,8
19755.0,10
19756.0,5
19757.0,10
19758.0,7
19759.0,8
19760.0,19
19761.0,5
19762.0,13
19763.0,25
19764.0,19
19765.0,17
19766.0,9
19767.0,14
19768.0,27
19769.0,36
19770.0,41
19771.0,21
19772.0,1
19773.0,5
19774.0,3
19775.0,9
19776.0,1
19777.0,13
19778.0,4
19779.0,8
19780.0,14
19781.0,25
19782.0,23
19783.0,37
19784.0,6
19785.0,9
19786.0,18
19787.0,13
19788.0,7
19789.0,15
19790.0,10
19791.0,13
19792.0,7
19793.0,11
19794.0,7
19795.0,11
19796.0,9
19797.0,3
19798.0,8
19799.0,3
19800.0,9
19801.0,11
19802.0,8
19803.0,7
19804.0,7
19805.0,6
19806.0,8
19807.0,15
19808.0,25
19809.0,14
19810.0,18
19811.0,13
19812.0,6
19813.0,7
19814.0,19
19815.0,15
19816.0,16
19817.0,11
19818.0,16
19819.0,10
19820.0,19
19821.0,9
19822.0,10
19823.0,8
19824.0,6
19825.0,19
19826.0,18
19827.0,17
19828.0,27
19829.0,15
19830.0,19
19831.0,26
19832.0,17
19833.0,11
19834.0,13
19835.0,12
19836.0,16
19837.0,5
19838.0,15
19839.0,2
19840.0,12
19841.0,6
19842.0,9
19843.0,2
19844.0,18
19845.0,6
19846.0,11
19847.0,3
19848.0,4
19849.0,6
19850.0,12
19851.0,5
19852.0,8
19853.0,1
19854.0,6
19855.0,7
19856.0,6
19857.0,4
19858.0,6
19859.0,6
19860.0,6
19861.0,7
19862.0,5
19863.0,5
19864.0,4
19865.0,5
19866.0,12
19867.0,10
19868.0,6
19869.0,4
19870.0,18
19871.0,5
19872.0,5
19873.0,4
19874.0,6
19875.0,13
19876.0,10
19877.0,4
19878.0,10
19879.0,6
19880.0,13
19881.0,8
19882.0,3
19883.0,6
19884.0,5
19885.0,8
19886.0,11
19887.0,6
19888.0,21
19889.0,7
19890.0,15
19891.0,8
19892.0,1
19893.0,8
19894.0,4
19895.0,4
19896.0,2
19897.0,9
19898.0,11
19899.0,4
19900.0,11
19901.0,10
19902.0,25
19903.0,10
19904.0,8
19905.0,7
19906.0,11
19907.0,9
19908.0,4
19909.0,8
19910.0,21
19911.0,6
19912.0,9
19913.0,9
19914.0,10
19915.0,11
19916.0,12
19917.0,14
19918.0,9
19919.0,13
19920.0,11
19921.0,8
19922.0,16
19923.0,8
19924.0,12
19925.0,16
19926.0,22
19927.0,8
19928.0,16
19929.0,13
19930.0,27
19931.0,16
19932.0,7
19933.0,10
19934.0,16
19935.0,16
19936.0,8
19937.0,15
19938.0,20
19939.0,11
19940.0,14
19941.0,14
19942.0,7
19943.0,6
19944.0,7
19945.0,11
19946.0,9
19947.0,7
19948.0,15
19949.0,8
19950.0,13
19951.0,8
19952.0,1
19953.0,2
19954.0,7
19955.0,19
19956.0,8
19957.0,6
19958.0,8
19959.0,4
19960.0,11
19961.0,15
19962.0,16
19964.0,4
19965.0,6
19966.0,12
19967.0,8
19968.0,14
19969.0,4
19970.0,38
19971.0,9
19972.0,4
19973.0,9
19974.0,6
19975.0,9
19976.0,6
19977.0,20
19978.0,13
19979.0,3
19980.0,17
19981.0,15
19982.0,9
19983.0,7
19984.0,7
19985.0,13
19986.0,11
19987.0,7
19988.0,7
19989.0,7
19990.0,27
19991.0,20
19992.0,11
19993.0,13
19994.0,13
19995.0,15
19996.0,10
19997.0,8
19998.0,6
19999.0,8
20000.0,24
20001.0,14
20002.0,14
20003.0,15
20004.0,3
20005.0,9
20006.0,10
20007.0,15
20008.0,14
20009.0,19
20010.0,19
20011.0,13
20012.0,6
20013.0,5
20014.0,12
20015.0,8
20016.0,15
20017.0,3
20018.0,8
20019.0,2
20020.0,8
20021.0,16
20022.0,33
20023.0,19
20024.0,6
20025.0,9
20026.0,8
20027.0,15
20028.0,15
20029.0,3
20030.0,17
20031.0,8
20032.0,10
20033.0,2
20034.0,10
20035.0,8
20036.0,11
20037.0,5
20038.0,9
20039.0,2
20040.0,12
20041.0,8
20042.0,8
20043.0,11
20044.0,19
20045.0,8
20046.0,5
20047.0,13
20048.0,6
20049.0,8
20050.0,11
20051.0,11
20052.0,5
20053.0,1
20054.0,7
20055.0,10
20056.0,5
20057.0,7
20058.0,13
20059.0,21
20060.0,18
20061.0,8
20062.0,16
20063.0,6
20064.0,3
20065.0,14
20066.0,9
20067.0,8
20068.0,17
20069.0,12
20070.0,32
20071.0,6
20072.0,5
20073.0,2
20074.0,2
20075.0,5
20076.0,2
20077.0,7
20078.0,8
20079.0,10
20080.0,8
20081.0,4
20082.0,2
20083.0,1
20084.0,2
20085.0,4
20086.0,29
20087.0,4
20088.0,8
20089.0,16
20090.0,18
20091.0,6
20092.0,14
20093.0,2
20094.0,6
20095.0,17
20096.0,20
20097.0,22
20098.0,12
20099.0,5
20100.0,10
20101.0,15
20102.0,2
20103.0,12
20104.0,7
20105.0,35
20106.0,7
20107.0,7
20108.0,3
20109.0,13
20110.0,27
20111.0,20
20112.0,18
20113.0,10
20114.0,13
20115.0,19
20116.0,18
20117.0,15
20118.0,13
20119.0,11
20120.0,20
20121.0,3
20122.0,12
20123.0,8
20124.0,2
20125.0,12
20126.0,6
20127.0,5
20128.0,17
20129.0,8
20130.0,11
20131.0,7
20132.0,4
20133.0,1
20134.0,7
20135.0,7
20136.0,2
20137.0,8
20138.0,7
20139.0,4
20140.0,9
20141.0,28
20142.0,52
20143.0,2
20144.0,1
20145.0,5
20146.0,9
20147.0,10
20148.0,14
20149.0,5
20150.0,15
20151.0,12
20152.0,16
20153.0,11
20154.0,13
20155.0,21
20156.0,5
20157.0,9
20158.0,16
20159.0,23
20160.0,7
20161.0,16
20162.0,15
20163.0,6
20164.0,7
20165.0,15
20166.0,13
20167.0,20
20168.0,2
20169.0,11
20170.0,13
20171.0,25
20172.0,17
20173.0,7
20174.0,9
20175.0,27
20176.0,11
20177.0,20
20178.0,32
20179.0,11
20180.0,24
20181.0,17
20182.0,7
20183.0,15
20184.0,24
20185.0,16
20186.0,14
20187.0,28
20188.0,21
20189.0,3
20190.0,14
20191.0,11
20192.0,14
20193.0,12
20194.0,8
20195.0,29
20196.0,21
20197.0,2
20198.0,14
20199.0,19
20200.0,9
20201.0,3
20202.0,8
20203.0,3
20204.0,4
20205.0,4
20206.0,9
20207.0,7
20208.0,3
20209.0,2
20210.0,13
20211.0,8
20212.0,3
20213.0,4
20214.0,3
20215.0,12
20216.0,9
20217.0,15
20218.0,12
20219.0,4
20220.0,11
20221.0,9
20222.0,4
20223.0,9
20224.0,6
20225.0,6
20226.0,4
20227.0,9
20228.0,13
20229.0,24
20230.0,12
20231.0,17
20232.0,9
20233.0,3
20234.0,11
20235.0,15
20236.0,10
20237.0,5
20238.0,2
20239.0,4
20240.0,19
20241.0,2
20242.0,11
20243.0,7
20244.0,11
20245.0,14
20246.0,7
20247.0,8
20248.0,18
20249.0,5
20250.0,18
20251.0,10
20252.0,4
20253.0,7
20254.0,3
20255.0,5
20256.0,11
20257.0,6
20258.0,10
20259.0,1
20260.0,18
20261.0,19
20262.0,32
20263.0,17
20264.0,15
20265.0,12
20266.0,17
20267.0,18
20268.0,17
20269.0,5
20270.0,19
20271.0,9
20272.0,9
20273.0,6
20274.0,10
20275.0,14
20276.0,8
20277.0,5
20278.0,7
20279.0,9
20280.0,17
20281.0,11
20282.0,10
20283.0,6
20284.0,9
20285.0,9
20286.0,9
20287.0,37
20288.0,4
20289.0,5
20290.0,23
20291.0,20
20292.0,9
20293.0,14
20294.0,9
20295.0,14
20296.0,16
20297.0,19
20298.0,15
20299.0,17
20300.0,19
20301.0,15
20302.0,18
20303.0,21
20304.0,19
20305.0,15
20306.0,14
20307.0,12
20308.0,23
20309.0,24
20310.0,30
20311.0,12
20312.0,16
20313.0,12
20314.0,29
20315.0,18
20316.0,12
20317.0,24
20318.0,8
20319.0,11
20320.0,31
20321.0,13
20322.0,17
20323.0,14
20324.0,6
20325.0,19
20326.0,34
20327.0,23
20328.0,32
20329.0,9
20330.0,22
20331.0,16
20332.0,15
20333.0,9
20334.0,15
20335.0,12
20336.0,12
20337.0,12
20338.0,15
20339.0,5
20340.0,11
20341.0,11
20342.0,13
20343.0,11
20344.0,10
20345.0,8
20346.0,5
20347.0,1
20348.0,2
20349.0,2
20350.0,6
20351.0,40
20352.0,18
20353.0,6
20354.0,18
20355.0,15
20356.0,10
20357.0,11
20358.0,18
20359.0,16
20360.0,14
20361.0,6
20362.0,29
20363.0,24
20364.0,13
20365.0,19
20366.0,3
20367.0,6
20368.0,19
20369.0,4
20370.0,13
20371.0,8
20372.0,4
20373.0,7
20374.0,6
20375.0,22
20376.0,17
20377.0,7
20378.0,10
20379.0,6
20380.0,16
20381.0,11
20382.0,28
20383.0,9
20384.0,5
20385.0,9
20386.0,15
20387.0,13
20388.0,8
20389.0,19
20390.0,20
20391.0,5
20392.0,9
20393.0,3
20394.0,7
20395.0,11
20396.0,6
20397.0,4
20398.0,9
20399.0,8
20400.0,12
20401.0,5
20402.0,10
20403.0,5
20404.0,7
20405.0,11
20406.0,9
20407.0,8
20408.0,16
20409.0,5
20410.0,18
20411.0,19
20412.0,12
20413.0,21
20414.0,7
20415.0,36
20416.0,6
20417.0,26
20418.0,23
20419.0,22
20420.0,30
20421.0,15
20422.0,24
20423.0,24
20424.0,23
20425.0,31
20426.0,18
20427.0,18
20428.0,20
20429.0,13
20430.0,11
20431.0,7
20432.0,8
20433.0,11
20434.0,11
20435.0,12
20436.0,12
20437.0,18
20438.0,24
20439.0,5
20440.0,18
20441.0,5
20442.0,12
20443.0,11
20444.0,14
20445.0,27
20446.0,17
20447.0,8
20448.0,19
20449.0,26
20450.0,10
20451.0,26
20452.0,8
20453.0,15
20454.0,11
20455.0,16
20456.0,16
20457.0,19
20458.0,16
20459.0,11
20460.0,23
20461.0,20
20462.0,15
20463.0,14
20464.0,18
20465.0,10
20466.0,17
20467.0,11
20468.0,12
20469.0,9
20470.0,15
20471.0,33
20472.0,30
20473.0,20
20474.0,11
20475.0,45
20476.0,22
20477.0,1
20478.0,17
20479.0,25
20480.0,16
20481.0,20
20482.0,14
20483.0,12
20484.0,6
20485.0,25
20486.0,6
20487.0,22
20488.0,35
20489.0,14
20490.0,27
20491.0,15
20492.0,17
20493.0,6
20494.0,23
20495.0,22
20496.0,15
20497.0,21
20498.0,29
20499.0,19
20500.0,21
20501.0,25
20502.0,53
20503.0,17
20504.0,13
20505.0,25
20506.0,23
20507.0,11
20508.0,15
20509.0,15
20510.0,26
20511.0,20
20512.0,11
20513.0,7
20514.0,11
20515.0,24
20516.0,14
20517.0,16
20518.0,16
20519.0,17
20520.0,8
20521.0,19
20522.0,13
20523.0,23
20524.0,6
20525.0,7
20526.0,19
20527.0,20
20528.0,21
20529.0,4
20530.0,21
20531.0,24
20532.0,13
20533.0,9
20534.0,19
20535.0,21
20536.0,10
20537.0,11
20538.0,22
20539.0,12
20540.0,27
20541.0,10
20542.0,10
20543.0,6
20544.0,12
20545.0,20
20546.0,7
20547.0,22
20548.0,13
20549.0,4
20550.0,18
20551.0,10
20552.0,4
20553.0,2
20554.0,3
20555.0,6
20556.0,6
20557.0,5
20558.0,8
20559.0,7
20560.0,9
20561.0,12
20562.0,10
20563.0,2
20564.0,3
20565.0,6
20566.0,6
20567.0,5
20568.0,2
20569.0,7
20570.0,13
20571.0,7
20572.0,8
20573.0,4
20574.0,8
20575.0,9
20576.0,12
20577.0,18
20578.0,1
20579.0,7
20580.0,6
20581.0,4
20582.0,9
20583.0,6
20584.0,4
20585.0,17
20586.0,11
20587.0,5
20588.0,11
20589.0,8
20590.0,16
20591.0,15
20592.0,5
20593.0,8
20594.0,12
20595.0,17
20596.0,3
20597.0,9
20598.0,10
20599.0,7
20600.0,23
20601.0,12
20602.0,12
20603.0,16
20604.0,6
20605.0,11
20606.0,9
20607.0,10
20608.0,16
20609.0,7
20610.0,19
20611.0,13
20612.0,7
20613.0,15
20614.0,8
20615.0,14
20616.0,18
20617.0,7
20618.0,9
20619.0,12
20620.0,17
20621.0,17
20622.0,37
20623.0,17
20624.0,15
20625.0,13
20626.0,10
20627.0,7
20628.0,3
20629.0,8
20630.0,18
20631.0,10
20632.0,9
20633.0,15
20634.0,8
20635.0,12
20636.0,5
20637.0,11
20638.0,6
20639.0,8
20640.0,7
20641.0,7
20642.0,5
20643.0,2
20644.0,8
20645.0,8
20646.0,6
20647.0,6
20648.0,7
20649.0,4
20650.0,19
20651.0,20
20652.0,9
20653.0,6
20654.0,11
20655.0,14
20656.0,11
20657.0,9
20658.0,14
20659.0,14
20660.0,13
20661.0,8
20662.0,17
20663.0,3
20664.0,8
20665.0,11
20666.0,14
20667.0,9
20668.0,22
20669.0,5
20670.0,17
20671.0,5
20672.0,4
20673.0,3
20674.0,13
20675.0,18
20676.0,2
20677.0,11
20678.0,8
20679.0,3
20680.0,8
20681.0,9
20682.0,5
20683.0,11
20684.0,5
20685.0,22
20686.0,21
20687.0,11
20688.0,1
20689.0,10
20690.0,14
20691.0,16
20692.0,8
20693.0,5
20694.0,10
20695.0,22
20696.0,10
20697.0,11
20698.0,12
20699.0,11
20700.0,16
20701.0,9
20702.0,15
20703.0,9
20704.0,8
20705.0,7
20706.0,5
20707.0,12
20708.0,6
20709.0,2
20710.0,14
20711.0,16
20712.0,12
20713.0,4
20714.0,13
20715.0,12
20716.0,7
20717.0,10
20718.0,7
20719.0,9
20720.0,18
20721.0,6
20722.0,8
20723.0,12
20724.0,4
20725.0,13
20726.0,3
20727.0,9
20728.0,38
20729.0,10
20730.0,14
20731.0,6
20732.0,9
20733.0,4
20734.0,15
20735.0,6
20736.0,12
20737.0,6
20738.0,21
20739.0,18
20740.0,10
20741.0,22
20742.0,25
20743.0,9
20744.0,14
20745.0,6
20746.0,20
20747.0,14
20748.0,6
20749.0,14
20750.0,11
20751.0,7
20752.0,4
20753.0,6
20754.0,5
20755.0,11
20756.0,6
20757.0,10
20758.0,11
20759.0,7
20760.0,15
20761.0,10
20762.0,18
20763.0,2
20764.0,5
20765.0,7
20766.0,6
20767.0,5
20768.0,3
20769.0,4
20770.0,10
20771.0,19
20772.0,10
20773.0,3
20774.0,12
20775.0,10
20776.0,6
20777.0,14
20778.0,4
20779.0,14
20780.0,17
20781.0,14
20782.0,19
20783.0,17
20784.0,12
20785.0,19
20786.0,4
20787.0,14
20788.0,23
20789.0,13
20790.0,18
20791.0,15
20792.0,4
20793.0,12
20794.0,14
20795.0,15
20796.0,6
20797.0,16
20798.0,11
20799.0,18
20800.0,17
20801.0,18
20802.0,13
20803.0,9
20804.0,6
20805.0,8
20806.0,17
20807.0,7
20808.0,12
20809.0,22
20810.0,24
20811.0,15
20812.0,9
20813.0,17
20814.0,7
20815.0,10
20816.0,4
20817.0,7
20818.0,6
20819.0,5
20820.0,15
20821.0,14
20822.0,7
20823.0,2
20824.0,9
20825.0,10
20826.0,7
20827.0,2
20828.0,7
20829.0,3
20830.0,8
20831.0,17
20832.0,6
20833.0,6
20834.0,16
20835.0,8
20836.0,15
20837.0,11
20838.0,6
20839.0,3
20840.0,17
20841.0,5
20842.0,11
20843.0,4
20844.0,2
20845.0,15
20846.0,8
20847.0,4
20848.0,22
20849.0,5
20850.0,11
20851.0,6
20852.0,4
20853.0,5
20854.0,9
20855.0,9
20856.0,3
20857.0,4
20858.0,20
20859.0,6
20860.0,11
20861.0,17
20862.0,37
20863.0,6
20864.0,5
20865.0,8
20866.0,14
20867.0,12
20868.0,6
20869.0,9
20870.0,20
20871.0,18
20872.0,16
20873.0,11
20874.0,10
20875.0,25
20876.0,12
20877.0,12
20878.0,22
20879.0,16
20880.0,25
20881.0,18
20882.0,11
20883.0,7
20884.0,19
20885.0,11
20886.0,11
20887.0,9
20888.0,8
20889.0,7
20890.0,13
20891.0,24
20892.0,1
20893.0,5
20894.0,14
20895.0,11
20896.0,9
20897.0,14
20898.0,18
20899.0,26
20900.0,15
20901.0,4
20902.0,10
20903.0,9
20904.0,3
20905.0,16
20906.0,11
20907.0,10
20908.0,32
20909.0,10
20910.0,16
20911.0,11
20912.0,1
20913.0,2
20914.0,6
20915.0,6
20916.0,10
20917.0,11
20918.0,5
20919.0,4
20920.0,14
20921.0,21
20922.0,11
20923.0,15
20924.0,4
20925.0,11
20926.0,10
20927.0,19
20928.0,20
20929.0,11
20930.0,21
20931.0,22
20932.0,21
20933.0,9
20934.0,2
20935.0,8
20936.0,4
20937.0,10
20938.0,4
20939.0,3
20940.0,18
20941.0,11
20942.0,10
20943.0,2
20944.0,5
20945.0,9
20946.0,14
20947.0,1
20948.0,12
20949.0,4
20950.0,8
20951.0,31
20952.0,2
20953.0,4
20954.0,10
20955.0,12
20956.0,13
20957.0,3
20958.0,5
20959.0,13
20960.0,17
20961.0,3
20962.0,6
20963.0,23
20964.0,7
20965.0,11
20966.0,16
20967.0,7
20968.0,23
20969.0,7
20970.0,18
20971.0,20
20972.0,10
20973.0,5
20974.0,7
20975.0,21
20976.0,14
20977.0,1
20978.0,27
20979.0,18
20980.0,12
20981.0,28
20982.0,32
20983.0,11
20984.0,8
20985.0,5
20986.0,26
20987.0,27
20988.0,21
20989.0,2
20990.0,14
20991.0,14
20992.0,11
20993.0,15
20994.0,7
20995.0,12
20996.0,15
20997.0,9
20998.0,5
20999.0,14
21000.0,14
21001.0,14
21002.0,5
21003.0,10
21004.0,1
21005.0,7
21006.0,9
21007.0,16
21008.0,7
21009.0,5
21010.0,13
21011.0,17
21012.0,13
21013.0,13
21014.0,16
21015.0,24
21016.0,17
21017.0,13
21018.0,9
21019.0,10
21020.0,13
21021.0,17
21022.0,11
21023.0,11
21024.0,9
21025.0,11
21026.0,7
21027.0,21
21028.0,31
21029.0,4
21030.0,16
21031.0,6
21032.0,10
21033.0,3
21034.0,11
21035.0,13
21036.0,28
21037.0,9
21038.0,15
21039.0,3
21040.0,17
21041.0,9
21042.0,14
21043.0,11
21044.0,18
21045.0,9
21046.0,18
21047.0,14
21048.0,22
21049.0,7
21050.0,17
21051.0,13
21052.0,11
21053.0,7
21054.0,8
21055.0,17
21056.0,15
21057.0,13
21058.0,18
21059.0,11
21060.0,20
21061.0,9
21062.0,9
21063.0,19
21064.0,10
21065.0,10
21066.0,12
21067.0,14
21068.0,10
21069.0,14
21070.0,20
21071.0,21
21072.0,19
21073.0,8
21074.0,10
21075.0,30
21076.0,15
21077.0,13
21078.0,15
21079.0,11
21080.0,20
21081.0,11
21082.0,9
21083.0,11
21084.0,13
21085.0,14
21086.0,9
21087.0,5
21088.0,15
21089.0,9
21090.0,29
21091.0,24
21092.0,10
21093.0,10
21094.0,17
21095.0,9
21096.0,14
21097.0,16
21098.0,19
21099.0,16
21100.0,26
21101.0,28
21102.0,25
21103.0,19
21104.0,26
21105.0,23
21106.0,20
21107.0,17
21108.0,11
21109.0,8
21110.0,24
21111.0,30
21112.0,25
21113.0,11
21114.0,24
21115.0,27
21116.0,14
21117.0,11
21118.0,19
21119.0,14
21120.0,9
21121.0,13
21122.0,19
21123.0,6
21124.0,19
21125.0,25
21126.0,23
21127.0,20
21128.0,10
21129.0,13
21130.0,14
21131.0,31
21132.0,11
21133.0,15
21134.0,14
21135.0,19
21136.0,11
21137.0,20
21138.0,17
21139.0,5
21140.0,30
21141.0,18
21142.0,27
21143.0,20
21144.0,14
21145.0,28
21146.0,37
21147.0,22
21148.0,18
21149.0,24
21150.0,14
21151.0,21
21152.0,23
21153.0,14
21154.0,19
21155.0,21
21156.0,33
21157.0,29
21158.0,18
21159.0,15
21160.0,12
21161.0,16
21162.0,18
21163.0,17
21164.0,13
21165.0,33
21166.0,21
21167.0,8
21168.0,14
21169.0,20
21170.0,25
21171.0,19
21172.0,30
21173.0,16
21174.0,18
21175.0,33
21176.0,27
21177.0,9
21178.0,27
21179.0,19
21180.0,21
21181.0,22
21182.0,13
21183.0,11
21184.0,12
21185.0,16
21186.0,5
21187.0,17
21188.0,11
21189.0,16
21190.0,6
21191.0,29
21192.0,11
21193.0,14
21194.0,13
21195.0,15
21196.0,22
21197.0,6
21198.0,2
21199.0,20
21200.0,8
21201.0,19
21202.0,18
21203.0,16
21204.0,6
21205.0,30
21206.0,21
21207.0,13
21208.0,26
21209.0,24
21210.0,46
21211.0,22
21212.0,12
21213.0,9
21214.0,9
21215.0,6
21216.0,4
21217.0,6
21218.0,9
21219.0,10
21220.0,12
21221.0,38
21222.0,5
21223.0,69
21224.0,11
21225.0,13
21226.0,20
21227.0,14
21228.0,18
21229.0,3
21230.0,31
21231.0,31
21232.0,15
21233.0,17
21234.0,9
21235.0,25
21236.0,17
21237.0,13
21238.0,22
21239.0,19
21240.0,14
21241.0,5
21242.0,3
21243.0,2
21244.0,4
21245.0,31
21246.0,10
21247.0,23
21248.0,11
21249.0,9
21250.0,17
21251.0,17
21252.0,11
21253.0,8
21254.0,14
21255.0,14
21256.0,8
21257.0,16
21258.0,29
21259.0,12
21260.0,15
21261.0,15
21262.0,19
21263.0,21
21264.0,9
21265.0,13
21266.0,8
21267.0,12
21268.0,20
21269.0,5
21270.0,10
21271.0,23
21272.0,30
21273.0,31
21274.0,10
21275.0,12
21276.0,20
21277.0,28
21278.0,22
21279.0,19
21280.0,7
21281.0,17
21282.0,10
21283.0,6
21284.0,11
21285.0,26
21286.0,27
21287.0,13
21288.0,10
21289.0,9
21290.0,9
21291.0,16
21292.0,19
21293.0,8
21294.0,12
21295.0,9
21296.0,19
21297.0,6
21298.0,9
21299.0,3
21300.0,15
21301.0,41
21302.0,13
21303.0,22
21304.0,16
21305.0,17
21306.0,28
21307.0,11
21308.0,14
21309.0,16
21310.0,26
21311.0,27
21312.0,20
21313.0,35
21314.0,16
21315.0,32
21316.0,28
21317.0,13
21318.0,1
21319.0,40
21320.0,14
21321.0,4
21322.0,9
21323.0,59
21324.0,3
21325.0,37
21326.0,10
21327.0,17
21328.0,23
21329.0,19
21330.0,10
21337.0,1
21338.0,71
21339.0,25
21340.0,7
21341.0,32
21342.0,8
21343.0,64
21344.0,20
21345.0,13
21346.0,18
21347.0,9
21348.0,10
21349.0,23
21350.0,37
21351.0,36
21352.0,18
21353.0,8
21354.0,10
21355.0,20
21356.0,7
21357.0,25
21358.0,23
21359.0,18
21360.0,14
21361.0,17
21362.0,16
21363.0,6
21364.0,6
21365.0,16
21366.0,12
21367.0,9
21368.0,17
21369.0,13
21370.0,20
21371.0,20
21372.0,43
21373.0,17
21374.0,5
21375.0,14
21376.0,3
21377.0,25
21378.0,10
21379.0,8
21380.0,11
21381.0,6
21382.0,7
21383.0,58
21384.0,13
21385.0,11
21386.0,10
21387.0,16
21388.0,24
21389.0,29
21390.0,6
21391.0,14
21392.0,1
21393.0,7
21394.0,4
21395.0,9
21396.0,5
21397.0,17
21398.0,17
21399.0,8
21400.0,11
21401.0,18
21402.0,14
21403.0,17
21404.0,23
21405.0,16
21406.0,20
21407.0,5
21408.0,8
21409.0,7
21410.0,28
21411.0,27
21412.0,8
21413.0,12
21414.0,15
21415.0,10
21416.0,33
21417.0,22
21418.0,14
21419.0,12
21420.0,27
21421.0,10
21422.0,18
21423.0,18
21424.0,5
21425.0,11
21426.0,3
21427.0,6
21428.0,17
21429.0,11
21430.0,12
21431.0,18
21432.0,11
21433.0,4
21434.0,5
21435.0,7
21436.0,16
21437.0,2
21438.0,12
21439.0,4
21440.0,28
21441.0,7
21442.0,29
21443.0,15
21444.0,4
21445.0,12
21446.0,7
21447.0,6
21448.0,30
21449.0,8
21450.0,16
21451.0,4
21452.0,5
21453.0,9
21454.0,8
21455.0,9
21456.0,25
21457.0,14
21458.0,18
21459.0,11
21460.0,11
21461.0,13
21462.0,35
21463.0,8
21464.0,6
21465.0,11
21466.0,21
21467.0,46
21468.0,11
21469.0,5
21470.0,17
21471.0,14
21472.0,7
21473.0,2
21474.0,10
21475.0,19
21476.0,30
21477.0,18
21478.0,11
21479.0,16
21480.0,15
21481.0,5
21482.0,23
21483.0,5
21484.0,7
21485.0,6
21486.0,6
21487.0,17
21488.0,6
21489.0,2
21490.0,23
21491.0,21
21492.0,16
21493.0,7
21494.0,22
21495.0,19
21496.0,21
21497.0,10
21498.0,18
21499.0,23
21500.0,20
21501.0,12
21502.0,42
21503.0,14
21504.0,13
21505.0,16
21506.0,12
21507.0,7
21508.0,24
21509.0,9
21510.0,25
21511.0,11
21512.0,9
21513.0,11
21514.0,18
21515.0,13
21516.0,15
21517.0,11
21518.0,21
21519.0,12
21520.0,16
21521.0,5
21522.0,10
21523.0,8
21524.0,8
21525.0,44
21526.0,44
21527.0,36
21528.0,34
21529.0,39
21530.0,18
21531.0,19
21532.0,10
21533.0,4
21534.0,5
21535.0,8
21536.0,6
21537.0,16
21538.0,23
21539.0,8
21540.0,13
21541.0,14
21542.0,15
21543.0,5
21544.0,8
21545.0,11
21546.0,17
21547.0,18
21548.0,3
21549.0,6
21550.0,14
21551.0,21
21552.0,11
21553.0,14
21554.0,22
21555.0,26
21556.0,24
21557.0,38
21558.0,35
21559.0,31
21560.0,50
21561.0,33
21562.0,38
21563.0,16
21564.0,15
21565.0,14
21566.0,10
21567.0,11
21568.0,21
21569.0,16
21570.0,24
21571.0,8
21572.0,3
21573.0,9
21574.0,16
21575.0,21
21576.0,3
21577.0,12
21578.0,17
21579.0,12
21580.0,14
21581.0,22
21582.0,46
21583.0,7
21584.0,28
21585.0,15
21586.0,18
21587.0,30
21588.0,9
21589.0,6
21590.0,19
21591.0,34
21592.0,10
21593.0,23
21594.0,25
21595.0,16
21596.0,16
21597.0,23
21598.0,17
21599.0,29
21600.0,25
21601.0,7
21602.0,20
21603.0,36
21604.0,21
21605.0,12
21606.0,33
21607.0,26
21608.0,22
21609.0,15
21610.0,21
21611.0,23
21612.0,29
21613.0,8
21614.0,9
21615.0,25
21616.0,17
21617.0,20
21618.0,29
21619.0,23
21620.0,31
21621.0,23
21622.0,32
21623.0,24
21624.0,20
21625.0,16
21626.0,35
21627.0,31
21628.0,25
21629.0,10
21630.0,18
21631.0,19
21632.0,6
21633.0,13
21634.0,17
21635.0,17
21636.0,13
21637.0,17
21638.0,22
21639.0,16
21640.0,32
21641.0,9
21642.0,11
21643.0,11
21644.0,20
21645.0,11
21646.0,15
21647.0,12
21648.0,17
21649.0,13
21650.0,22
21651.0,28
21652.0,11
21653.0,38
21654.0,31
21655.0,55
21656.0,55
21657.0,49
21658.0,38
21659.0,36
21660.0,17
21661.0,19
21662.0,41
21663.0,27
21664.0,21
21665.0,17
21666.0,34
21667.0,40
21668.0,28
21669.0,42
21670.0,57
21671.0,43
21672.0,34
21673.0,12
21674.0,18
21675.0,17
21676.0,32
21677.0,20
21678.0,19
21679.0,27
21680.0,25
21681.0,21
21682.0,14
21683.0,20
21684.0,13
21685.0,17
21686.0,29
21687.0,12
21688.0,19
21689.0,8
21690.0,22
21691.0,13
21692.0,11
21693.0,8
21694.0,17
21695.0,14
21696.0,8
21697.0,6
21698.0,20
21699.0,23
21700.0,30
21701.0,28
21702.0,35
21703.0,16
21704.0,11
21705.0,4
21706.0,23
21707.0,8
21708.0,3
21709.0,16
21710.0,37
21711.0,25
21712.0,21
21713.0,21
21714.0,29
21715.0,27
21716.0,23
21717.0,23
21718.0,23
21719.0,9
21720.0,19
21721.0,11
21722.0,21
21723.0,17
21724.0,6
21725.0,31
21726.0,17
21727.0,5
21728.0,27
21729.0,7
21730.0,20
21731.0,21
21732.0,23
21733.0,5
21734.0,10
21735.0,18
21736.0,9
21737.0,20
21738.0,17
21739.0,20
21740.0,15
21741.0,22
21742.0,13
21743.0,26
21744.0,12
21745.0,19
21746.0,13
21747.0,26
21748.0,22
21749.0,24
21750.0,19
21751.0,23
21752.0,29
21753.0,14
21754.0,7
21755.0,37
21756.0,17
21757.0,17
21758.0,15
21759.0,8
21760.0,19
21761.0,7
21762.0,14
21763.0,10
21764.0,17
21765.0,29
21766.0,6
21767.0,11
21768.0,24
21769.0,12
21770.0,37
21771.0,17
21772.0,12
21773.0,19
21774.0,19
21775.0,13
21776.0,15
21777.0,17
21778.0,11
21779.0,4
21780.0,11
21781.0,4
21782.0,12
21783.0,4
21784.0,8
21785.0,6
21786.0,7
21787.0,2
21788.0,6
21789.0,9
21790.0,16
21791.0,13
21792.0,3
21793.0,7
21794.0,14
21795.0,10
21796.0,4
21797.0,3
21799.0,20
21800.0,19
21801.0,3
21802.0,8
21803.0,12
21804.0,3
21805.0,9
21806.0,2
21807.0,4
21808.0,32
21809.0,3
21810.0,7
21811.0,9
21812.0,11
21813.0,22
21814.0,5
21815.0,8
21816.0,21
21817.0,21
21818.0,12
21819.0,9
21820.0,15
21821.0,20
21822.0,29
21823.0,11
21824.0,15
21825.0,12
21826.0,19
21827.0,18
21828.0,17
21829.0,11
21830.0,21
21831.0,23
21832.0,12
21833.0,14
21834.0,12
21835.0,18
21836.0,13
21837.0,10
21838.0,11
21839.0,11
21840.0,11
21841.0,11
21842.0,8
21843.0,7
21844.0,8
21845.0,8
21846.0,16
21847.0,8
21848.0,11
21849.0,13
21850.0,28
21851.0,20
21852.0,26
21853.0,16
21854.0,15
21855.0,33
21856.0,16
21857.0,19
21858.0,11
21859.0,20
21860.0,25
21861.0,7
21862.0,21
21863.0,12
21864.0,13
21865.0,15
21866.0,18
21867.0,14
21868.0,23
21869.0,5
21870.0,22
21871.0,12
21872.0,12
21873.0,8
21874.0,17
21875.0,9
21876.0,10
21877.0,16
21878.0,10
21879.0,1
21880.0,37
21881.0,10
21882.0,6
21883.0,4
21884.0,2
21885.0,6
21886.0,13
21887.0,14
21888.0,10
21889.0,5
21890.0,14
21891.0,14
21892.0,9
21893.0,11
21894.0,7
21895.0,10
21896.0,12
21897.0,8
21898.0,16
21899.0,12
21900.0,17
21901.0,7
21902.0,17
21904.0,12
21905.0,12
21906.0,3
21907.0,4
21908.0,9
21909.0,3
21910.0,20
21911.0,24
21912.0,48
21913.0,26
21914.0,26
21915.0,46
21916.0,33
21917.0,25
21918.0,32
21919.0,26
21920.0,28
21921.0,21
21922.0,11
21923.0,22
21924.0,36
21925.0,25
21926.0,22
21927.0,30
21928.0,42
21929.0,42
21930.0,30
21931.0,36
21932.0,25
21933.0,22
21934.0,26
21935.0,43
21936.0,28
21937.0,36
21938.0,25
21939.0,31
21940.0,36
21941.0,29
21942.0,65
21943.0,36
21944.0,29
21945.0,22
21946.0,26
21947.0,37
21948.0,21
21949.0,26
21950.0,28
21951.0,23
21952.0,35
21953.0,24
21954.0,25
21955.0,21
21956.0,28
21957.0,21
21958.0,27
21959.0,21
21960.0,19
21961.0,20
21962.0,20
21963.0,19
21964.0,26
21965.0,27
21966.0,16
21967.0,15
21968.0,20
21969.0,22
21970.0,33
21971.0,24
21972.0,25
21973.0,24
21974.0,27
21975.0,23
21976.0,22
21977.0,31
21978.0,28
21979.0,24
21980.0,33
21981.0,20
21982.0,23
21983.0,16
21984.0,23
21985.0,27
21986.0,17
21987.0,30
21988.0,36
21989.0,34
21990.0,26
21991.0,26
21992.0,25
21993.0,27
21994.0,19
21995.0,27
21996.0,24
21997.0,33
21998.0,29
21999.0,18
22000.0,40
22001.0,20
22002.0,21
22003.0,30
22004.0,22
22005.0,26
22006.0,28
22007.0,25
22008.0,19
22009.0,22
22010.0,31
22011.0,24
22012.0,21
22013.0,28
22014.0,23
22015.0,32
22016.0,19
22017.0,29
22018.0,25
22019.0,24
22020.0,27
22021.0,20
22022.0,41
22023.0,24
22024.0,30
22025.0,37
22026.0,21
22027.0,28
22028.0,17
22029.0,24
22030.0,31
22031.0,41
22032.0,20
22033.0,32
22034.0,25
22035.0,33
22036.0,19
22037.0,27
22038.0,30
22039.0,25
22040.0,32
22041.0,21
22042.0,27
22043.0,20
22044.0,27
22045.0,39
22046.0,21
22047.0,30
22048.0,31
22049.0,19
22050.0,33
22051.0,21
22052.0,23
22053.0,22
22054.0,22
22055.0,18
22056.0,9
22057.0,9
22058.0,8
22059.0,15
22060.0,30
22061.0,31
22062.0,23
22063.0,30
22064.0,20
22065.0,23
22066.0,24
22067.0,21
22068.0,20
22069.0,17
22070.0,28
22071.0,19
22072.0,20
22073.0,21
22074.0,23
22075.0,26
22076.0,24
22077.0,12
22078.0,24
22079.0,28
22080.0,19
22081.0,23
22082.0,18
22083.0,19
22084.0,15
22085.0,22
22086.0,22
22087.0,17
22088.0,18
22089.0,18
22090.0,26
22091.0,38
22092.0,32
22093.0,20
22094.0,25
22095.0,31
22096.0,26
22097.0,23
22098.0,32
22099.0,30
22100.0,32
22101.0,27
22102.0,26
22103.0,26
22104.0,35
22105.0,26
22106.0,29
22107.0,26
22108.0,34
22109.0,19
22110.0,40
22111.0,30
22112.0,21
22113.0,18
22114.0,40
22115.0,35
22116.0,27
22117.0,18
22118.0,23
22119.0,28
22120.0,23
22121.0,30
22122.0,31
22123.0,23
22124.0,29
22125.0,26
22126.0,31
22127.0,30
22128.0,23
22129.0,21
22130.0,29
22131.0,25
22132.0,28
22133.0,22
22134.0,20
22135.0,26
22136.0,19
22137.0,28
22138.0,25
22139.0,22
22140.0,20
22141.0,26
22142.0,32
22143.0,21
22144.0,22
22145.0,18
22146.0,24
22147.0,21
22148.0,20
22149.0,20
22150.0,28
22151.0,32
22152.0,21
22153.0,20
22154.0,31
22155.0,26
22156.0,25
22157.0,18
22158.0,29
22159.0,32
22160.0,26
22161.0,19
22162.0,26
22163.0,24
22164.0,4
22165.0,34
22166.0,21
22167.0,20
22168.0,39
22169.0,19
22170.0,33
22171.0,21
22172.0,22
22173.0,18
22174.0,25
22175.0,19
22176.0,8
22177.0,7
22178.0,12
22179.0,2
22180.0,16
22181.0,8
22182.0,31
22183.0,8
22184.0,5
22185.0,9
22186.0,15
22187.0,14
22188.0,4
22189.0,11
22190.0,11
22191.0,20
22192.0,11
22193.0,9
22194.0,8
22195.0,12
22196.0,7
22197.0,9
22198.0,15
22199.0,13
22200.0,19
22201.0,14
22202.0,12
22203.0,3
22204.0,12
22205.0,15
22206.0,12
22207.0,9
22208.0,4
22209.0,4
22210.0,18
22211.0,22
22212.0,12
22213.0,4
22214.0,11
22215.0,17
22216.0,7
22217.0,17
22218.0,20
22219.0,9
22220.0,24
22221.0,9
22222.0,18
22223.0,14
22224.0,8
22225.0,23
22226.0,16
22227.0,11
22228.0,13
22229.0,2
22230.0,16
22231.0,11
22232.0,2
22233.0,4
22234.0,4
22235.0,5
22236.0,15
22237.0,7
22238.0,15
22239.0,8
22240.0,12
22241.0,12
22242.0,11
22243.0,3
22244.0,4
22245.0,3
22246.0,6
22247.0,2
22248.0,6
22249.0,11
22250.0,15
22251.0,5
22252.0,9
22253.0,8
22254.0,19
22255.0,7
22256.0,7
22257.0,8
22258.0,4
22259.0,3
22260.0,7
22261.0,14
22262.0,6
22263.0,4
22264.0,12
22265.0,5
22266.0,11
22267.0,11
22268.0,8
22269.0,2
22270.0,29
22271.0,13
22272.0,7
22273.0,14
22274.0,15
22275.0,23
22276.0,10
22277.0,15
22278.0,20
22279.0,11
22280.0,20
22281.0,6
22282.0,4
22283.0,10
22284.0,9
22285.0,12
22286.0,13
22287.0,11
22288.0,11
22289.0,4
22290.0,27
22291.0,12
22292.0,8
22293.0,6
22294.0,2
22295.0,14
22296.0,14
22297.0,4
22298.0,16
22299.0,7
22300.0,8
22301.0,15
22302.0,31
22303.0,16
22304.0,4
22305.0,6
22306.0,12
22307.0,12
22308.0,10
22309.0,12
22310.0,12
22311.0,8
22312.0,11
22313.0,1
22314.0,10
22315.0,12
22316.0,7
22317.0,14
22318.0,12
22319.0,12
22320.0,14
22321.0,16
22322.0,15
22323.0,9
22324.0,4
22325.0,11
22326.0,6
22327.0,4
22328.0,4
22329.0,3
22330.0,9
22331.0,11
22332.0,8
22333.0,10
22334.0,13
22335.0,22
22336.0,5
22337.0,10
22338.0,6
22339.0,10
22340.0,16
22341.0,11
22342.0,10
22343.0,8
22344.0,10
22345.0,17
22346.0,12
22347.0,11
22348.0,12
22349.0,5
22350.0,14
22351.0,13
22352.0,25
22353.0,4
22354.0,3
22355.0,6
22356.0,14
22357.0,6
22358.0,6
22359.0,22
22360.0,35
22361.0,4
22362.0,5
22363.0,12
22364.0,6
22365.0,13
22366.0,11
22367.0,7
22368.0,6
22369.0,12
22370.0,28
22371.0,15
22372.0,23
22373.0,16
22374.0,11
22375.0,17
22376.0,5
22377.0,10
22378.0,12
22379.0,15
22380.0,16
22381.0,11
22382.0,12
22383.0,14
22384.0,17
22385.0,16
22386.0,8
22387.0,8
22388.0,10
22389.0,10
22390.0,21
22391.0,24
22392.0,9
22393.0,13
22394.0,24
22395.0,24
22396.0,15
22397.0,3
22398.0,18
22399.0,8
22400.0,28
22401.0,12
22402.0,5
22403.0,9
22404.0,12
22405.0,13
22406.0,12
22407.0,8
22408.0,31
22409.0,7
22410.0,16
22411.0,14
22412.0,10
22413.0,8
22414.0,8
22415.0,13
22416.0,14
22417.0,10
22418.0,21
22419.0,9
22420.0,15
22421.0,11
22422.0,32
22423.0,6
22424.0,4
22425.0,3
22426.0,13
22427.0,5
22428.0,11
22429.0,12
22430.0,23
22431.0,14
22432.0,12
22433.0,6
22434.0,16
22435.0,12
22436.0,5
22437.0,6
22438.0,5
22439.0,6
22440.0,14
22441.0,3
22442.0,8
22443.0,13
22444.0,12
22445.0,13
22446.0,17
22447.0,19
22448.0,9
22449.0,5
22450.0,16
22451.0,16
22452.0,25
22453.0,15
22454.0,17
22455.0,26
22456.0,16
22457.0,11
22458.0,19
22459.0,18
22460.0,19
22461.0,14
22462.0,10
22463.0,19
22464.0,15
22465.0,16
22466.0,13
22467.0,12
22468.0,19
22469.0,11
22470.0,14
22471.0,20
22472.0,9
22473.0,6
22474.0,9
22475.0,13
22476.0,19
22477.0,11
22478.0,23
22479.0,10
22480.0,16
22481.0,13
22482.0,7
22483.0,12
22484.0,7
22485.0,3
22486.0,6
22487.0,10
22488.0,20
22489.0,11
22490.0,9
22491.0,10
22492.0,5
22493.0,7
22494.0,4
22495.0,8
22496.0,10
22497.0,10
22498.0,4
22499.0,2
22500.0,11
22501.0,10
22502.0,27
22503.0,13
22504.0,34
22505.0,5
22506.0,6
22507.0,4
22508.0,15
22509.0,6
22510.0,20
22511.0,25
22512.0,11
22513.0,6
22514.0,7
22515.0,23
22516.0,12
22517.0,21
22518.0,7
22519.0,7
22520.0,12
22521.0,7
22522.0,6
22523.0,13
22524.0,5
22525.0,16
22526.0,6
22527.0,19
22528.0,19
22529.0,8
22530.0,14
22531.0,18
22532.0,14
22533.0,25
22534.0,5
22535.0,8
22536.0,16
22537.0,12
22538.0,3
22539.0,17
22540.0,20
22541.0,14
22542.0,30
22543.0,25
22544.0,7
22545.0,25
22546.0,11
22547.0,10
22548.0,28
22549.0,18
22550.0,40
22551.0,25
22552.0,33
22553.0,20
22554.0,11
22555.0,17
22556.0,40
22557.0,35
22558.0,8
22559.0,25
22560.0,33
22561.0,17
22562.0,19
22563.0,17
22564.0,21
22565.0,12
22566.0,22
22567.0,25
22568.0,15
22569.0,8
22570.0,27
22571.0,35
22572.0,12
22573.0,31
22574.0,16
22575.0,9
22576.0,20
22577.0,25
22578.0,24
22579.0,22
22580.0,15
22581.0,19
22582.0,25
22583.0,12
22584.0,14
22585.0,22
22586.0,13
22587.0,19
22588.0,21
22589.0,12
22590.0,14
22591.0,25
22592.0,24
22593.0,15
22594.0,5
22595.0,24
22596.0,36
22597.0,34
22598.0,58
22599.0,26
22600.0,38
22601.0,25
22602.0,27
22603.0,13
22604.0,21
22605.0,12
22606.0,15
22607.0,15
22608.0,12
22609.0,28
22610.0,22
22611.0,19
22612.0,17
22613.0,13
22614.0,13
22615.0,16
22616.0,15
22617.0,16
22618.0,9
22619.0,17
22620.0,18
22621.0,15
22622.0,33
22623.0,21
22624.0,13
22625.0,25
22626.0,15
22627.0,18
22628.0,23
22629.0,15
22630.0,30
22631.0,21
22632.0,28
22633.0,28
22634.0,8
22635.0,19
22636.0,15
22637.0,13
22638.0,21
22639.0,24
22640.0,30
22641.0,28
22642.0,11
22643.0,15
22644.0,10
22645.0,27
22646.0,13
22647.0,25
22648.0,48
22649.0,32
22650.0,54
22651.0,16
22652.0,8
22653.0,7
22654.0,3
22655.0,17
22656.0,6
22657.0,15
22658.0,10
22659.0,9
22660.0,16
22661.0,18
22662.0,39
22663.0,35
22664.0,8
22665.0,6
22666.0,12
22667.0,15
22668.0,15
22669.0,33
22670.0,15
22671.0,14
22672.0,23
22673.0,16
22674.0,21
22675.0,22
22676.0,7
22677.0,33
22678.0,12
22679.0,8
22680.0,32
22681.0,5
22682.0,9
22683.0,13
22684.0,10
22685.0,15
22686.0,13
22687.0,16
22688.0,13
22689.0,6
22690.0,14
22691.0,26
22692.0,12
22693.0,14
22694.0,12
22695.0,14
22696.0,11
22697.0,12
22698.0,9
22699.0,11
22700.0,16
22701.0,14
22702.0,22
22703.0,5
22704.0,9
22705.0,7
22706.0,24
22707.0,8
22708.0,25
22709.0,14
22710.0,13
22711.0,10
22712.0,9
22713.0,22
22714.0,47
22715.0,33
22716.0,27
22717.0,19
22718.0,19
22719.0,2
22720.0,35
22721.0,32
22722.0,22
22723.0,12
22724.0,15
22725.0,8
22726.0,30
22727.0,28
22728.0,16
22729.0,9
22730.0,21
22731.0,39
22732.0,11
22733.0,2
22734.0,16
22735.0,14
22736.0,30
22737.0,38
22738.0,13
22739.0,12
22740.0,25
22741.0,20
22742.0,11
22743.0,8
22744.0,20
22745.0,21
22746.0,11
22747.0,16
22748.0,20
22749.0,16
22750.0,29
22751.0,33
22752.0,24
22753.0,11
22754.0,16
22755.0,22
22756.0,15
22757.0,15
22758.0,26
22759.0,14
22760.0,12
22761.0,8
22762.0,12
22763.0,16
22764.0,13
22765.0,17
22766.0,28
22767.0,9
22768.0,25
22769.0,3
22770.0,18
22771.0,13
22772.0,7
22773.0,3
22774.0,10
22775.0,16
22776.0,8
22777.0,10
22778.0,18
22779.0,28
22780.0,37
22781.0,16
22782.0,37
22783.0,14
22784.0,15
22785.0,15
22786.0,37
22787.0,19
22788.0,5
22789.0,9
22790.0,13
22791.0,14
22792.0,13
22793.0,4
22794.0,9
22795.0,31
22796.0,16
22797.0,23
22798.0,22
22799.0,29
22800.0,20
22801.0,14
22802.0,12
22803.0,12
22804.0,12
22805.0,13
22806.0,29
22807.0,26
22808.0,23
22809.0,6
22810.0,17
22811.0,31
22812.0,24
22813.0,27
22814.0,37
22815.0,43
22816.0,6
22817.0,12
22818.0,16
22819.0,17
22820.0,24
22821.0,3
22822.0,9
22823.0,21
22824.0,8
22825.0,16
22826.0,7
22827.0,7
22828.0,23
22829.0,14
22830.0,42
22831.0,22
22832.0,12
22833.0,16
22834.0,6
22835.0,28
22836.0,23
22837.0,7
22838.0,12
22839.0,22
22840.0,40
22841.0,18
22842.0,19
22843.0,5
22844.0,15
22845.0,13
22846.0,17
22847.0,12
22848.0,8
22849.0,14
22850.0,18
22851.0,17
22852.0,21
22853.0,25
22854.0,20
22855.0,25
22856.0,13
22857.0,20
22858.0,24
22859.0,30
22860.0,26
22861.0,19
22862.0,13
22863.0,9
22864.0,12
22865.0,13
22866.0,18
22867.0,15
22868.0,13
22869.0,15
22870.0,26
22871.0,18
22872.0,16
22873.0,7
22874.0,15
22875.0,20
22876.0,15
22877.0,14
22878.0,27
22879.0,11
22880.0,21
22881.0,9
22882.0,10
22883.0,11
22884.0,16
22885.0,17
22886.0,12
22887.0,11
22888.0,17
22889.0,5
22890.0,17
22891.0,17
22892.0,5
22893.0,13
22894.0,16
22895.0,14
22896.0,28
22897.0,8
22898.0,30
22899.0,10
22900.0,12
22901.0,21
22902.0,49
22903.0,7
22904.0,24
22905.0,19
22906.0,12
22907.0,15
22908.0,14
22909.0,21
22910.0,21
22911.0,24
22912.0,16
22913.0,20
22914.0,11
22915.0,17
22916.0,23
22917.0,18
22918.0,16
22919.0,14
22920.0,16
22921.0,17
22922.0,18
22923.0,14
22924.0,10
22925.0,8
22926.0,17
22927.0,25
22928.0,16
22929.0,26
22930.0,21
22931.0,28
22932.0,15
22933.0,12
22934.0,8
22935.0,19
22936.0,20
22937.0,20
22938.0,21
22939.0,16
22940.0,21
22941.0,8
22942.0,20
22943.0,21
22944.0,34
22945.0,33
22946.0,20
22947.0,15
22948.0,32
22949.0,15
22950.0,34
22951.0,12
22952.0,16
22953.0,14
22954.0,16
22955.0,19
22956.0,28
22957.0,12
22958.0,19
22959.0,18
22960.0,19
22961.0,18
22962.0,31
22963.0,17
22964.0,16
22965.0,13
22966.0,22
22967.0,17
22968.0,24
22969.0,4
22970.0,19
22971.0,21
22972.0,11
22973.0,10
22974.0,29
22975.0,28
22976.0,29
22977.0,20
22978.0,21
22979.0,17
22980.0,28
22981.0,26
22982.0,41
22983.0,19
22984.0,22
22985.0,20
22986.0,25
22987.0,22
22988.0,19
22989.0,11
22990.0,42
22991.0,37
22992.0,18
22993.0,19
22994.0,23
22995.0,24
22996.0,20
22997.0,13
22998.0,27
22999.0,4
23000.0,31
23001.0,21
23002.0,9
23003.0,21
23004.0,30
23005.0,29
23006.0,22
23007.0,11
23008.0,28
23009.0,6
23010.0,15
23011.0,12
23012.0,5
23013.0,12
23014.0,5
23015.0,3
23016.0,8
23017.0,8
23018.0,14
23019.0,5
23020.0,15
23021.0,15
23022.0,50
23023.0,28
23024.0,14
23025.0,19
23026.0,10
23027.0,6
23028.0,18
23029.0,11
23030.0,20
23031.0,5
23032.0,15
23033.0,20
23034.0,16
23035.0,25
23036.0,16
23037.0,15
23038.0,18
23039.0,16
23040.0,16
23041.0,9
23042.0,17
23043.0,26
23044.0,13
23045.0,15
23046.0,16
23047.0,6
23048.0,10
23049.0,19
23050.0,21
23051.0,24
23052.0,13
23053.0,12
23054.0,22
23055.0,12
23056.0,15
23057.0,24
23058.0,33
23059.0,19
23060.0,25
23061.0,15
23062.0,28
23063.0,13
23064.0,7
23065.0,20
23066.0,15
23067.0,17
23068.0,24
23069.0,13
23070.0,29
23071.0,30
23072.0,16
23073.0,14
23074.0,20
23075.0,11
23076.0,14
23077.0,6
23078.0,17
23079.0,8
23080.0,9
23081.0,11
23082.0,13
23084.0,10
23085.0,6
23086.0,11
23087.0,12
23088.0,5
23089.0,15
23090.0,21
23091.0,11
23092.0,10
23093.0,16
23094.0,5
23095.0,18
23096.0,15
23097.0,29
23098.0,19
23099.0,26
23100.0,21
23101.0,13
23102.0,36
23103.0,12
23104.0,19
23105.0,17
23106.0,28
23107.0,13
23108.0,14
23109.0,13
23110.0,18
23111.0,19
23112.0,24
23113.0,10
23114.0,20
23115.0,15
23116.0,14
23117.0,10
23118.0,17
23119.0,27
23120.0,17
23121.0,14
23122.0,28
23123.0,23
23124.0,11
23125.0,15
23126.0,17
23127.0,6
23128.0,14
23129.0,29
23130.0,24
23131.0,24
23132.0,19
23133.0,13
23134.0,15
23135.0,10
23136.0,9
23137.0,12
23138.0,9
23139.0,12
23140.0,17
23141.0,18
23142.0,34
23143.0,21
23144.0,11
23145.0,9
23146.0,17
23147.0,17
23148.0,12
23149.0,23
23150.0,23
23151.0,14
23152.0,12
23153.0,11
23154.0,47
23155.0,43
23156.0,21
23157.0,25
23158.0,24
23159.0,11
23160.0,34
23161.0,23
23162.0,16
23163.0,27
23164.0,11
23165.0,8
23166.0,15
23167.0,9
23168.0,16
23169.0,30
23170.0,20
23171.0,27
23172.0,18
23173.0,14
23174.0,23
23175.0,23
23176.0,13
23177.0,15
23178.0,23
23179.0,12
23180.0,32
23181.0,31
23182.0,16
23183.0,21
23184.0,13
23185.0,28
23186.0,25
23187.0,19
23188.0,31
23189.0,11
23190.0,22
23191.0,16
23192.0,22
23193.0,9
23194.0,13
23195.0,11
23196.0,12
23197.0,13
23198.0,13
23199.0,6
23200.0,24
23201.0,13
23202.0,12
23203.0,4
23204.0,3
23205.0,10
23206.0,13
23207.0,3
23208.0,4
23209.0,8
23210.0,21
23211.0,14
23212.0,12
23213.0,4
23214.0,15
23215.0,11
23216.0,10
23217.0,21
23218.0,17
23219.0,16
23220.0,11
23221.0,11
23222.0,11
23223.0,5
23224.0,3
23225.0,3
23226.0,7
23227.0,10
23228.0,3
23229.0,2
23230.0,14
23231.0,13
23232.0,8
23233.0,2
23234.0,12
23235.0,15
23236.0,1
23237.0,1
23238.0,6
23239.0,13
23240.0,20
23241.0,10
23242.0,10
23243.0,7
23244.0,20
23245.0,12
23246.0,17
23247.0,18
23248.0,21
23249.0,4
23250.0,21
23251.0,17
23252.0,13
23254.0,14
23255.0,13
23256.0,14
23257.0,10
23258.0,8
23259.0,6
23260.0,25
23261.0,8
23262.0,36
23263.0,49
23264.0,34
23265.0,21
23266.0,14
23267.0,8
23268.0,18
23269.0,11
23270.0,16
23271.0,22
23272.0,4
23273.0,12
23274.0,11
23275.0,9
23276.0,18
23277.0,9
23278.0,15
23279.0,5
23280.0,16
23281.0,7
23282.0,7
23283.0,2
23284.0,11
23285.0,5
23286.0,6
23287.0,5
23288.0,9
23289.0,3
23290.0,11
23291.0,21
23292.0,16
23293.0,24
23294.0,13
23295.0,11
23296.0,2
23297.0,13
23298.0,13
23299.0,13
23300.0,11
23301.0,5
23302.0,15
23303.0,9
23304.0,11
23305.0,16
23306.0,17
23307.0,11
23308.0,17
23309.0,6
23310.0,21
23311.0,8
23312.0,9
23313.0,4
23314.0,7
23315.0,13
23316.0,5
23317.0,4
23318.0,6
23319.0,13
23320.0,19
23321.0,12
23322.0,13
23323.0,22
23324.0,13
23325.0,12
23326.0,15
23327.0,10
23328.0,7
23329.0,8
23330.0,13
23331.0,19
23332.0,5
23333.0,7
23334.0,6
23335.0,20
23336.0,19
23337.0,10
23338.0,5
23339.0,8
23340.0,35
23341.0,24
23342.0,56
23343.0,11
23344.0,11
23345.0,15
23346.0,5
23347.0,11
23348.0,9
23349.0,6
23350.0,12
23351.0,22
23352.0,26
23353.0,26
23354.0,27
23355.0,29
23356.0,34
23357.0,13
23358.0,32
23359.0,20
23360.0,26
23361.0,6
23362.0,6
23363.0,11
23364.0,42
23365.0,27
23366.0,41
23367.0,25
23368.0,31
23369.0,20
23370.0,19
23371.0,7
23372.0,16
23373.0,13
23374.0,20
23375.0,37
23376.0,49
23377.0,43
23378.0,7
23379.0,8
23380.0,30
23381.0,25
23382.0,59
23383.0,24
23384.0,23
23385.0,21
23386.0,18
23387.0,10
23388.0,8
23389.0,3
23390.0,12
23391.0,23
23392.0,24
23393.0,25
23394.0,30
23395.0,21
23396.0,25
23397.0,17
23398.0,18
23399.0,6
23400.0,31
23401.0,9
23402.0,12
23403.0,21
23404.0,15
23405.0,21
23406.0,17
23407.0,1
23408.0,7
23409.0,8
23410.0,18
23411.0,13
23412.0,11
23413.0,1
23414.0,9
23415.0,19
23416.0,14
23417.0,10
23418.0,11
23419.0,20
23420.0,13
23421.0,6
23422.0,18
23423.0,12
23424.0,9
23425.0,11
23426.0,14
23427.0,15
23428.0,13
23429.0,7
23430.0,23
23431.0,10
23432.0,5
23433.0,9
23434.0,13
23435.0,16
23436.0,9
23437.0,9
23438.0,7
23439.0,8
23440.0,14
23441.0,21
23442.0,20
23443.0,6
23444.0,14
23445.0,13
23446.0,15
23447.0,13
23448.0,4
23449.0,12
23450.0,14
23451.0,18
23452.0,6
23453.0,9
23454.0,9
23455.0,8
23456.0,17
23457.0,15
23458.0,4
23459.0,21
23460.0,11
23461.0,16
23462.0,8
23463.0,3
23464.0,11
23465.0,12
23466.0,6
23467.0,8
23468.0,11
23469.0,8
23470.0,12
23471.0,18
23472.0,3
23473.0,7
23474.0,7
23475.0,17
23476.0,12
23477.0,10
23478.0,7
23479.0,9
23480.0,22
23481.0,4
23482.0,6
23483.0,10
23484.0,6
23485.0,22
23486.0,21
23487.0,14
23488.0,23
23489.0,8
23490.0,25
23491.0,12
23492.0,15
23493.0,13
23494.0,14
23495.0,14
23496.0,11
23497.0,7
23498.0,9
23499.0,14
23500.0,20
23501.0,18
23502.0,46
23503.0,14
23504.0,9
23505.0,18
23506.0,19
23507.0,17
23508.0,24
23509.0,9
23510.0,21
23511.0,18
23512.0,22
23513.0,9
23514.0,8
23515.0,11
23516.0,23
23517.0,10
23518.0,10
23519.0,11
23520.0,12
23521.0,13
23522.0,8
23523.0,6
23524.0,11
23525.0,16
23526.0,13
23527.0,11
23528.0,5
23529.0,7
23530.0,24
23531.0,22
23532.0,21
23533.0,19
23534.0,20
23535.0,16
23536.0,9
23537.0,20
23538.0,15
23539.0,26
23540.0,15
23541.0,20
23542.0,14
23543.0,20
23544.0,4
23545.0,20
23546.0,14
23547.0,10
23548.0,22
23549.0,11
23550.0,17
23551.0,5
23552.0,6
23553.0,11
23554.0,12
23555.0,35
23556.0,5
23557.0,6
23558.0,18
23559.0,7
23560.0,16
23561.0,20
23562.0,8
23563.0,11
23564.0,9
23565.0,15
23566.0,10
23567.0,4
23568.0,6
23569.0,12
23570.0,18
23571.0,12
23572.0,9
23573.0,9
23574.0,11
23575.0,6
23576.0,15
23577.0,21
23578.0,4
23579.0,7
23580.0,13
23581.0,15
23582.0,18
23583.0,6
23584.0,9
23585.0,20
23586.0,5
23587.0,8
23588.0,10
23589.0,4
23590.0,28
23591.0,15
23592.0,60
23593.0,36
23594.0,57
23595.0,63
23596.0,57
23597.0,54
23598.0,59
23599.0,30
23600.0,42
23601.0,4
23602.0,16
23603.0,11
23604.0,11
23605.0,20
23606.0,8
23607.0,23
23608.0,22
23609.0,10
23610.0,18
23611.0,16
23612.0,2
23613.0,3
23614.0,18
23615.0,20
23616.0,14
23617.0,14
23618.0,11
23619.0,11
23620.0,5
23621.0,23
23622.0,44
23623.0,5
23624.0,13
23625.0,15
23626.0,27
23627.0,23
23628.0,2
23629.0,3
23630.0,15
23631.0,15
23632.0,11
23633.0,6
23634.0,8
23635.0,9
23636.0,14
23637.0,35
23638.0,29
23639.0,7
23640.0,14
23641.0,7
23642.0,13
23643.0,10
23644.0,5
23645.0,15
23646.0,9
23647.0,10
23648.0,7
23649.0,5
23650.0,16
23651.0,24
23652.0,12
23653.0,12
23654.0,8
23655.0,8
23656.0,5
23657.0,9
23658.0,15
23659.0,10
23660.0,10
23661.0,24
23662.0,22
23663.0,13
23664.0,31
23665.0,14
23666.0,23
23667.0,15
23668.0,22
23669.0,6
23670.0,16
23671.0,17
23672.0,8
23673.0,16
23674.0,9
23675.0,34
23676.0,15
23677.0,15
23678.0,19
23679.0,21
23680.0,21
23681.0,12
23682.0,18
23683.0,10
23684.0,16
23685.0,17
23686.0,21
23687.0,9
23688.0,5
23689.0,13
23690.0,22
23691.0,11
23692.0,15
23693.0,11
23694.0,11
23695.0,18
23696.0,9
23697.0,18
23698.0,6
23699.0,12
23700.0,4
23701.0,14
23702.0,9
23703.0,9
23704.0,8
23705.0,10
23706.0,12
23707.0,4
23708.0,3
23709.0,4
23710.0,13
23711.0,28
23712.0,11
23713.0,11
23714.0,15
23715.0,14
23716.0,10
23717.0,15
23718.0,1
23719.0,6
23720.0,7
23721.0,19
23722.0,11
23723.0,9
23724.0,9
23725.0,21
23726.0,11
23727.0,8
23728.0,32
23729.0,8
23730.0,18
23731.0,25
23732.0,8
23733.0,2
23734.0,21
23735.0,7
23736.0,19
23737.0,8
23738.0,3
23739.0,14
23740.0,16
23741.0,21
23742.0,34
23743.0,6
23744.0,11
23745.0,15
23746.0,10
23747.0,12
23748.0,2
23749.0,13
23750.0,14
23751.0,7
23752.0,11
23753.0,13
23754.0,7
23755.0,28
23756.0,19
23757.0,22
23758.0,6
23759.0,12
23760.0,2
23761.0,7
23762.0,7
23763.0,29
23764.0,7
23765.0,20
23766.0,9
23767.0,15
23768.0,3
23769.0,4
23770.0,15
23771.0,25
23772.0,7
23773.0,9
23774.0,14
23775.0,15
23776.0,22
23777.0,3
23778.0,18
23779.0,12
23780.0,16
23781.0,24
23782.0,10
23783.0,19
23784.0,8
23785.0,14
23786.0,15
23787.0,17
23788.0,20
23789.0,8
23790.0,10
23791.0,10
23792.0,36
23793.0,11
23794.0,13
23795.0,27
23796.0,25
23797.0,16
23798.0,9
23799.0,9
23800.0,18
23801.0,16
23802.0,12
23803.0,16
23804.0,12
23805.0,2
23806.0,6
23807.0,3
23808.0,6
23809.0,10
23810.0,45
23811.0,16
23812.0,21
23813.0,19
23814.0,22
23815.0,18
23816.0,15
23817.0,10
23818.0,14
23819.0,12
23820.0,16
23821.0,14
23822.0,8
23823.0,2
23824.0,12
23825.0,10
23826.0,5
23827.0,12
23828.0,9
23829.0,2
23830.0,23
23831.0,18
23832.0,12
23833.0,18
23834.0,18
23835.0,12
23836.0,23
23837.0,10
23838.0,14
23839.0,11
23840.0,16
23841.0,17
23842.0,16
23843.0,15
23844.0,8
23845.0,19
23846.0,21
23847.0,21
23848.0,24
23849.0,10
23850.0,17
23851.0,12
23852.0,11
23853.0,13
23854.0,18
23855.0,19
23856.0,9
23857.0,11
23858.0,22
23859.0,17
23860.0,34
23861.0,18
23862.0,35
23863.0,16
23864.0,12
23865.0,13
23866.0,25
23867.0,8
23868.0,15
23869.0,9
23870.0,21
23871.0,13
23872.0,16
23873.0,11
23874.0,12
23875.0,14
23876.0,19
23877.0,11
23878.0,21
23879.0,14
23880.0,15
23881.0,7
23882.0,16
23883.0,12
23884.0,14
23885.0,7
23886.0,6
23887.0,8
23888.0,9
23889.0,9
23890.0,15
23891.0,20
23892.0,10
23893.0,18
23894.0,16
23895.0,26
23896.0,8
23897.0,14
23898.0,25
23899.0,15
23900.0,16
23901.0,7
23902.0,17
23903.0,25
23904.0,10
23905.0,27
23906.0,18
23907.0,8
23908.0,19
23909.0,2
23910.0,15
23911.0,9
23912.0,7
23913.0,24
23914.0,20
23915.0,21
23916.0,16
23917.0,5
23918.0,9
23919.0,11
23920.0,32
23921.0,10
23922.0,17
23923.0,1
23924.0,13
23925.0,14
23926.0,10
23927.0,6
23928.0,15
23929.0,5
23930.0,16
23931.0,10
23932.0,7
23933.0,4
23934.0,10
23935.0,8
23936.0,7
23937.0,16
23938.0,3
23939.0,6
23940.0,16
23941.0,5
23942.0,11
23943.0,25
23944.0,12
23945.0,8
23946.0,16
23947.0,11
23948.0,10
23949.0,8
23950.0,29
23951.0,19
23952.0,18
23953.0,11
23954.0,19
23955.0,30
23956.0,30
23957.0,7
23958.0,20
23959.0,7
23960.0,22
23961.0,17
23962.0,16
23963.0,27
23964.0,21
23965.0,16
23966.0,19
23967.0,25
23968.0,26
23969.0,7
23970.0,24
23971.0,20
23972.0,11
23973.0,12
23974.0,12
23975.0,38
23976.0,28
23977.0,23
23978.0,19
23979.0,20
23980.0,32
23981.0,11
23982.0,37
23983.0,15
23984.0,20
23985.0,16
23986.0,36
23987.0,16
23988.0,17
23989.0,22
23990.0,17
23991.0,28
23992.0,18
23993.0,15
23994.0,18
23995.0,25
23996.0,8
23997.0,15
23998.0,15
23999.0,21
24000.0,34
24001.0,28
24002.0,6
24003.0,17
24004.0,26
24005.0,12
24006.0,16
24007.0,21
24008.0,20
24009.0,28
24010.0,17
24011.0,33
24012.0,34
24013.0,14
24014.0,27
24015.0,22
24016.0,18
24017.0,35
24018.0,23
24019.0,19
24020.0,32
24021.0,22
24022.0,20
24023.0,15
24024.0,15
24025.0,40
24026.0,29
24027.0,32
24028.0,32
24029.0,15
24030.0,20
24031.0,24
24032.0,14
24033.0,19
24034.0,10
24035.0,33
24036.0,33
24037.0,30
24038.0,14
24039.0,26
24040.0,27
24041.0,18
24042.0,24
24043.0,18
24044.0,18
24045.0,28
24046.0,16
24047.0,25
24048.0,10
24049.0,26
24050.0,22
24051.0,7
24052.0,14
24053.0,20
24054.0,21
24055.0,37
24056.0,17
24057.0,27
24058.0,17
24059.0,16
24060.0,18
24061.0,10
24062.0,18
24063.0,21
24064.0,9
24065.0,24
24066.0,9
24067.0,13
24068.0,19
24069.0,22
24070.0,21
24071.0,31
24072.0,22
24073.0,17
24074.0,18
24075.0,28
24076.0,4
24077.0,13
24078.0,6
24079.0,9
24080.0,16
24081.0,10
24082.0,5
24083.0,18
24084.0,8
24085.0,18
24086.0,29
24087.0,28
24088.0,33
24089.0,30
24090.0,23
24091.0,15
24092.0,3
24093.0,7
24094.0,26
24095.0,8
24096.0,9
24097.0,7
24098.0,24
24099.0,7
24100.0,6
24101.0,21
24102.0,45
24103.0,26
24104.0,15
24105.0,19
24106.0,16
24107.0,15
24108.0,10
24109.0,30
24110.0,40
24111.0,16
24112.0,4
24113.0,15
24114.0,11
24115.0,14
24116.0,17
24117.0,20
24118.0,19
24119.0,11
24120.0,8
24121.0,30
24122.0,7
24123.0,17
24124.0,16
24125.0,11
24126.0,16
24127.0,19
24128.0,15
24129.0,20
24130.0,25
24131.0,28
24132.0,23
24133.0,1
24134.0,14
24135.0,19
24136.0,15
24137.0,17
24138.0,36
24139.0,32
24140.0,24
24141.0,14
24142.0,14
24143.0,25
24144.0,13
24145.0,21
24146.0,20
24147.0,22
24148.0,26
24149.0,29
24150.0,52
24151.0,17
24152.0,14
24153.0,36
24154.0,18
24155.0,27
24156.0,17
24157.0,19
24158.0,27
24159.0,40
24160.0,22
24161.0,30
24162.0,42
24163.0,28
24164.0,17
24165.0,25
24166.0,24
24167.0,19
24168.0,14
24169.0,15
24170.0,37
24171.0,13
24172.0,40
24173.0,21
24174.0,26
24175.0,14
24176.0,17
24177.0,12
24178.0,11
24179.0,27
24180.0,17
24181.0,17
24182.0,18
24183.0,12
24184.0,22
24185.0,11
24186.0,18
24187.0,24
24188.0,26
24189.0,8
24190.0,27
24191.0,29
24192.0,12
24193.0,20
24194.0,19
24195.0,27
24196.0,25
24197.0,21
24198.0,20
24199.0,15
24200.0,21
24201.0,11
24202.0,27
24203.0,24
24204.0,28
24205.0,28
24206.0,19
24207.0,28
24208.0,27
24209.0,13
24210.0,22
24211.0,19
24212.0,12
24213.0,13
24214.0,14
24215.0,15
24216.0,22
24217.0,12
24218.0,19
24219.0,30
24220.0,10
24221.0,34
24222.0,35
24223.0,12
24224.0,24
24225.0,8
24226.0,19
24227.0,28
24228.0,16
24229.0,7
24230.0,8
24231.0,25
24232.0,16
24233.0,8
24234.0,12
24235.0,24
24236.0,13
24237.0,18
24238.0,10
24239.0,18
24240.0,11
24241.0,8
24242.0,32
24243.0,17
24244.0,29
24245.0,19
24246.0,35
24247.0,12
24248.0,33
24249.0,11
24250.0,30
24251.0,37
24252.0,34
24253.0,20
24254.0,25
24255.0,33
24256.0,32
24257.0,39
24258.0,24
24259.0,54
24260.0,35
24261.0,38
24262.0,34
24263.0,38
24264.0,13
24265.0,55
24266.0,30
24267.0,17
24268.0,25
24269.0,30
24270.0,23
24271.0,35
24272.0,8
24273.0,30
24274.0,11
24275.0,22
24276.0,17
24277.0,21
24278.0,14
24279.0,31
24280.0,30
24281.0,14
24282.0,18
24283.0,29
24284.0,27
24285.0,9
24286.0,23
24287.0,22
24288.0,11
24289.0,23
24290.0,16
24291.0,23
24292.0,23
24293.0,7
24294.0,18
24295.0,40
24296.0,24
24297.0,34
24298.0,16
24299.0,17
24300.0,17
24301.0,19
24302.0,26
24303.0,25
24304.0,28
24305.0,26
24306.0,26
24307.0,17
24308.0,28
24309.0,31
24310.0,26
24311.0,20
24312.0,10
24313.0,4
24314.0,19
24315.0,22
24316.0,34
24317.0,20
24318.0,25
24319.0,21
24320.0,24
24321.0,17
24322.0,12
24323.0,17
24324.0,13
24325.0,16
24326.0,21
24327.0,20
24328.0,19
24329.0,17
24330.0,12
24331.0,26
24332.0,11
24333.0,12
24334.0,15
24335.0,11
24336.0,15
24337.0,14
24338.0,11
24339.0,11
24340.0,16
24341.0,16
24342.0,42
24343.0,8
24344.0,8
24345.0,39
24346.0,6
24347.0,16
24348.0,13
24349.0,11
24350.0,27
24351.0,9
24352.0,19
24353.0,9
24354.0,27
24355.0,26
24356.0,8
24357.0,18
24358.0,19
24359.0,10
24360.0,15
24361.0,14
24362.0,8
24363.0,12
24364.0,11
24365.0,13
24366.0,12
24367.0,11
24368.0,9
24369.0,6
24370.0,30
24371.0,20
24372.0,14
24373.0,12
24374.0,13
24375.0,14
24376.0,7
24377.0,10
24378.0,29
24379.0,50
24380.0,36
24381.0,21
24382.0,26
24383.0,25
24384.0,9
24385.0,22
24386.0,33
24387.0,15
24388.0,20
24389.0,15
24390.0,20
24391.0,34
24392.0,17
24393.0,5
24394.0,24
24395.0,15
24396.0,23
24397.0,12
24398.0,22
24399.0,28
24400.0,34
24401.0,19
24402.0,7
24403.0,10
24404.0,19
24405.0,10
24406.0,13
24407.0,18
24408.0,18
24409.0,12
24410.0,16
24411.0,14
24412.0,21
24413.0,18
24414.0,30
24415.0,27
24416.0,23
24417.0,29
24418.0,9
24419.0,5
24420.0,18
24421.0,15
24422.0,37
24423.0,8
24424.0,13
24425.0,10
24426.0,25
24427.0,6
24428.0,18
24429.0,13
24430.0,41
24431.0,23
24432.0,11
24433.0,10
24434.0,13
24435.0,32
24436.0,18
24437.0,5
24438.0,16
24439.0,13
24440.0,23
24441.0,11
24442.0,37
24443.0,17
24444.0,19
24445.0,13
24446.0,25
24447.0,7
24448.0,11
24449.0,7
24450.0,17
24451.0,25
24452.0,12
24453.0,12
24454.0,16
24455.0,12
24456.0,13
24457.0,7
24458.0,10
24459.0,9
24460.0,16
24461.0,25
24462.0,37
24463.0,25
24464.0,34
24465.0,9
24466.0,11
24467.0,8
24468.0,11
24469.0,7
24470.0,17
24471.0,16
24472.0,10
24473.0,7
24474.0,13
24475.0,30
24476.0,13
24477.0,31
24478.0,22
24479.0,18
24480.0,27
24481.0,16
24482.0,22
24483.0,27
24484.0,8
24485.0,15
24486.0,26
24487.0,21
24488.0,41
24489.0,11
24490.0,17
24491.0,52
24492.0,19
24493.0,8
24494.0,15
24495.0,16
24496.0,29
24497.0,25
24498.0,15
24499.0,13
24500.0,27
24501.0,23
24502.0,18
24503.0,11
24504.0,17
24505.0,44
24506.0,20
24507.0,24
24508.0,12
24509.0,31
24510.0,25
24511.0,21
24512.0,23
24513.0,11
24514.0,10
24515.0,19
24516.0,18
24517.0,28
24518.0,25
24519.0,7
24520.0,20
24521.0,20
24522.0,23
24523.0,12
24524.0,23
24525.0,31
24526.0,12
24527.0,18
24528.0,1
24529.0,11
24530.0,18
24531.0,19
24532.0,16
24533.0,10
24534.0,12
24535.0,20
24536.0,16
24537.0,18
24538.0,10
24539.0,16
24540.0,11
24541.0,11
24542.0,14
24543.0,23
24544.0,23
24545.0,23
24546.0,7
24547.0,25
24548.0,3
24549.0,14
24550.0,37
24551.0,23
24552.0,30
24553.0,17
24554.0,13
24555.0,33
24556.0,30
24557.0,13
24558.0,13
24559.0,40
24560.0,18
24561.0,23
24562.0,28
24563.0,24
24564.0,28
24565.0,22
24566.0,10
24567.0,49
24568.0,17
24569.0,10
24570.0,23
24571.0,20
24572.0,7
24573.0,10
24574.0,11
24575.0,27
24576.0,15
24577.0,12
24578.0,11
24579.0,23
24580.0,21
24581.0,23
24582.0,18
24583.0,26
24584.0,13
24585.0,24
24586.0,27
24587.0,15
24588.0,8
24589.0,16
24590.0,18
24591.0,16
24592.0,10
24593.0,5
24594.0,15
24595.0,13
24596.0,25
24597.0,35
24598.0,19
24599.0,12
24600.0,16
24601.0,2
24602.0,38
24603.0,11
24604.0,10
24605.0,13
24606.0,21
24607.0,13
24608.0,16
24609.0,6
24610.0,19
24611.0,27
24612.0,17
24613.0,9
24614.0,19
24615.0,26
24616.0,12
24617.0,21
24618.0,24
24619.0,27
24620.0,15
24621.0,12
24622.0,24
24623.0,46
24624.0,18
24625.0,25
24626.0,31
24627.0,16
24628.0,7
24629.0,17
24630.0,21
24631.0,25
24632.0,21
24633.0,14
24634.0,28
24635.0,15
24636.0,13
24637.0,5
24638.0,14
24639.0,10
24640.0,12
24641.0,10
24642.0,10
24643.0,1
24644.0,11
24645.0,12
24646.0,7
24647.0,17
24648.0,13
24649.0,7
24650.0,26
24651.0,23
24652.0,18
24653.0,14
24654.0,17
24655.0,16
24656.0,10
24657.0,14
24658.0,16
24659.0,13
24660.0,25
24661.0,14
24662.0,32
24663.0,18
24664.0,11
24665.0,10
24666.0,10
24667.0,7
24668.0,9
24669.0,6
24670.0,15
24671.0,31
24672.0,8
24673.0,10
24674.0,13
24675.0,29
24676.0,8
24677.0,18
24678.0,6
24679.0,17
24680.0,18
24681.0,10
24682.0,3
24683.0,12
24684.0,11
24685.0,20
24686.0,19
24687.0,18
24688.0,7
24689.0,8
24690.0,11
24691.0,5
24692.0,7
24693.0,12
24694.0,5
24695.0,6
24696.0,8
24697.0,2
24698.0,23
24699.0,28
24700.0,48
24701.0,24
24702.0,26
24703.0,17
24704.0,9
24705.0,9
24706.0,5
24707.0,9
24709.0,3
24710.0,21
24711.0,13
24712.0,16
24713.0,7
24714.0,4
24715.0,8
24716.0,18
24717.0,9
24718.0,2
24719.0,29
24720.0,15
24721.0,16
24722.0,3
24723.0,38
24724.0,18
24725.0,38
24726.0,44
24727.0,12
24728.0,22
24729.0,12
24730.0,15
24731.0,34
24732.0,23
24733.0,6
24734.0,8
24735.0,19
24736.0,15
24737.0,14
24738.0,6
24739.0,10
24740.0,37
24741.0,27
24742.0,7
24743.0,25
24744.0,7
24745.0,21
24746.0,15
24747.0,8
24748.0,10
24749.0,24
24750.0,49
24751.0,38
24752.0,21
24753.0,17
24754.0,15
24755.0,11
24756.0,20
24757.0,10
24758.0,8
24759.0,16
24760.0,10
24761.0,10
24762.0,5
24763.0,3
24764.0,7
24765.0,6
24766.0,7
24767.0,4
24768.0,12
24769.0,5
24770.0,19
24771.0,10
24772.0,8
24773.0,12
24774.0,22
24775.0,21
24776.0,27
24777.0,14
24778.0,12
24779.0,8
24780.0,12
24781.0,16
24782.0,20
24783.0,6
24784.0,15
24785.0,6
24786.0,5
24787.0,6
24788.0,8
24789.0,6
24790.0,14
24791.0,31
24792.0,8
24793.0,30
24794.0,38
24795.0,38
24796.0,7
24797.0,23
24798.0,36
24799.0,11
24800.0,34
24801.0,11
24802.0,20
24803.0,18
24804.0,13
24805.0,31
24806.0,20
24807.0,22
24808.0,16
24809.0,10
24810.0,23
24811.0,31
24812.0,11
24813.0,28
24814.0,5
24815.0,35
24816.0,27
24817.0,25
24818.0,6
24819.0,31
24820.0,29
24821.0,18
24822.0,44
24823.0,57
24824.0,26
24825.0,33
24826.0,22
24827.0,35
24828.0,12
24829.0,35
24830.0,26
24831.0,28
24832.0,36
24833.0,18
24834.0,15
24835.0,48
24836.0,27
24837.0,24
24838.0,3
24839.0,1
24840.0,65
24841.0,27
24842.0,23
24843.0,2
24844.0,49
24845.0,10
24846.0,2
24847.0,57
24848.0,4
24849.0,3
24850.0,8
24851.0,133
24852.0,14
24853.0,51
24854.0,100
24855.0,47
24856.0,97
24857.0,54
24858.0,40
24859.0,69
24860.0,47
24861.0,57
24862.0,44
24863.0,39
24864.0,19
24865.0,43
24866.0,5
24867.0,2
24868.0,120
24869.0,14
24870.0,62
24871.0,80
24872.0,42
24873.0,38
24874.0,34
24875.0,88
24876.0,48
24877.0,36
24878.0,62
24879.0,45
24880.0,46
24881.0,74
24882.0,51
24883.0,63
24884.0,47
24885.0,74
24886.0,26
24887.0,44
24888.0,53
24889.0,63
24890.0,46
24891.0,44
24892.0,71
24893.0,36
24894.0,3
24895.0,81
24896.0,59
24897.0,33
24898.0,47
24899.0,61
24900.0,52
24901.0,43
24902.0,78
24903.0,49
24904.0,77
24905.0,45
24906.0,58
24907.0,58
24908.0,69
24909.0,32
24910.0,87
24911.0,55
24912.0,74
24913.0,44
24914.0,68
24915.0,71
24916.0,17
24917.0,85
24918.0,31
24919.0,10
24920.0,7
24921.0,149
24922.0,14
24923.0,4
24924.0,68
24925.0,45
24926.0,4
24927.0,141
24928.0,5
24929.0,75
24930.0,72
24931.0,51
24932.0,72
24933.0,13
24934.0,2
24935.0,107
24936.0,40
24937.0,27
24938.0,71
24939.0,46
24940.0,46
24941.0,73
24942.0,2
24943.0,132
24944.0,23
24945.0,19
24946.0,93
24947.0,24
24948.0,70
24949.0,50
24950.0,60
24951.0,36
24952.0,47
24953.0,73
24954.0,35
24955.0,53
24956.0,35
24957.0,82
24958.0,53
24959.0,31
24960.0,65
24961.0,46
24962.0,72
24963.0,48
24964.0,57
24965.0,37
24966.0,49
24967.0,61
24968.0,46
24969.0,70
24970.0,53
24971.0,22
24972.0,83
24973.0,53
24974.0,72
24975.0,40
24976.0,71
24977.0,30
24978.0,70
24979.0,83
24980.0,37
24981.0,55
24982.0,66
24983.0,52
24984.0,23
24985.0,86
24986.0,46
24987.0,36
24988.0,61
24989.0,41
24990.0,63
24991.0,44
24992.0,55
24993.0,54
24994.0,25
24995.0,5
24996.0,130
24997.0,35
24998.0,31
24999.0,48
25000.0,51
25001.0,88
25002.0,30
25003.0,42
25004.0,54
25005.0,54
25006.0,58
25007.0,68
25008.0,58
25009.0,33
25010.0,7
25011.0,101
25012.0,55
25013.0,44
25014.0,46
25015.0,40
25016.0,21
25017.0,87
25018.0,55
25019.0,22
25020.0,4
25021.0,22
25022.0,101
25023.0,28
25024.0,42
25025.0,77
25026.0,53
25027.0,52
25028.0,39
25029.0,54
25030.0,65
25031.0,23
25032.0,52
25033.0,110
25034.0,45
25035.0,103
25036.0,64
25037.0,57
25038.0,34
25039.0,103
25040.0,35
25041.0,61
25042.0,42
25043.0,110
25044.0,22
25045.0,47
25046.0,54
25047.0,42
25048.0,38
25049.0,33
25050.0,32
25051.0,4
25052.0,81
25053.0,25
25054.0,11
25055.0,5
25056.0,85
25057.0,23
25058.0,31
25059.0,27
25060.0,56
25061.0,45
25062.0,49
25063.0,35
25064.0,21
25065.0,60
25066.0,27
25067.0,37
25068.0,41
25069.0,33
25070.0,60
25071.0,29
25072.0,22
25073.0,42
25074.0,25
25075.0,74
25076.0,28
25077.0,51
25078.0,34
25079.0,39
25080.0,46
25081.0,45
25082.0,50
25083.0,32
25084.0,36
25085.0,56
25086.0,27
25087.0,57
25088.0,29
25089.0,36
25090.0,40
25091.0,75
25092.0,37
25093.0,22
25094.0,5
25095.0,6
25096.0,4
25097.0,2
25098.0,15
25099.0,122
25100.0,30
25101.0,61
25102.0,54
25103.0,20
25104.0,60
25105.0,50
25106.0,37
25107.0,36
25108.0,40
25109.0,40
25110.0,18
25111.0,43
25112.0,3
25113.0,41
25114.0,27
25115.0,9
25116.0,51
25117.0,2
25118.0,63
25119.0,10
25120.0,47
25121.0,31
25122.0,40
25123.0,45
25124.0,27
25125.0,30
25126.0,33
25127.0,43
25128.0,23
25129.0,27
25130.0,55
25131.0,10
25132.0,34
25133.0,48
25134.0,36
25135.0,15
25136.0,28
25137.0,51
25138.0,35
25139.0,31
25140.0,3
25141.0,52
25142.0,8
25143.0,31
25144.0,45
25145.0,46
25146.0,28
25147.0,34
25148.0,56
25149.0,32
25150.0,37
25151.0,44
25152.0,56
25153.0,33
25154.0,23
25155.0,58
25156.0,36
25157.0,46
25158.0,27
25159.0,34
25160.0,33
25161.0,41
25162.0,44
25163.0,27
25164.0,55
25165.0,13
25166.0,48
25167.0,36
25168.0,21
25169.0,46
25170.0,36
25171.0,26
25172.0,49
25173.0,28
25174.0,21
25175.0,47
25176.0,38
25177.0,29
25178.0,28
25179.0,68
25180.0,15
25181.0,46
25182.0,57
25183.0,70
25184.0,34
25185.0,28
25186.0,42
25187.0,37
25188.0,34
25189.0,40
25190.0,40
25191.0,45
25192.0,42
25193.0,27
25194.0,40
25195.0,51
25196.0,43
25197.0,38
25198.0,28
25199.0,50
25200.0,26
25201.0,43
25202.0,47
25203.0,45
25204.0,33
25205.0,35
25206.0,36
25207.0,46
25208.0,37
25209.0,40
25210.0,40
25211.0,36
25212.0,36
25213.0,29
25214.0,63
25215.0,34
25216.0,49
25217.0,34
25218.0,20
25219.0,52
25220.0,34
25221.0,38
25222.0,40
25223.0,32
25224.0,55
25225.0,39
25226.0,39
25227.0,37
25228.0,32
25229.0,32
25230.0,38
25231.0,20
25232.0,41
25233.0,39
25234.0,18
25235.0,69
25236.0,42
25237.0,25
25238.0,47
25239.0,32
25240.0,34
25241.0,10
25242.0,59
25243.0,36
25244.0,23
25245.0,50
25246.0,37
25247.0,37
25248.0,40
25249.0,33
25250.0,42
25251.0,64
25252.0,47
25253.0,26
25254.0,55
25255.0,41
25256.0,50
25257.0,34
25258.0,35
25259.0,51
25260.0,29
25261.0,30
25262.0,49
25263.0,58
25264.0,43
25265.0,33
25266.0,19
25267.0,51
25268.0,31
25269.0,32
25270.0,70
25271.0,54
25272.0,53
25273.0,48
25274.0,35
25275.0,60
25276.0,38
25277.0,46
25278.0,31
25279.0,48
25280.0,69
25281.0,11
25282.0,18
25283.0,70
25284.0,7
25285.0,7
25286.0,5
25287.0,113
25288.0,7
25289.0,15
25290.0,53
25291.0,40
25292.0,44
25293.0,36
25294.0,48
25295.0,20
25296.0,45
25297.0,27
25298.0,39
25299.0,43
25300.0,41
25301.0,51
25302.0,53
25303.0,26
25304.0,33
25305.0,35
25306.0,31
25307.0,37
25308.0,20
25309.0,27
25310.0,83
25311.0,37
25312.0,34
25313.0,43
25314.0,29
25315.0,41
25316.0,35
25317.0,36
25318.0,49
25319.0,29
25320.0,60
25321.0,48
25322.0,37
25323.0,35
25324.0,39
25325.0,33
25326.0,23
25327.0,39
25328.0,49
25329.0,17
25330.0,47
25331.0,48
25332.0,23
25333.0,29
25334.0,52
25335.0,43
25336.0,46
25337.0,48
25338.0,44
25339.0,32
25340.0,57
25341.0,47
25342.0,38
25343.0,56
25344.0,30
25345.0,35
25346.0,71
25347.0,32
25348.0,29
25349.0,48
25350.0,49
25351.0,36
25352.0,64
25353.0,27
25354.0,43
25355.0,47
25356.0,59
25357.0,36
25358.0,35
25359.0,31
25360.0,34
25361.0,64
25362.0,40
25363.0,33
25364.0,57
25365.0,32
25366.0,16
25367.0,69
25368.0,29
25369.0,32
25370.0,38
25371.0,43
25372.0,45
25373.0,18
25374.0,34
25375.0,46
25376.0,48
25377.0,54
25378.0,31
25379.0,23
25380.0,80
25381.0,68
25382.0,45
25383.0,51
25384.0,30
25385.0,44
25386.0,70
25387.0,39
25388.0,23
25389.0,54
25390.0,45
25391.0,26
25392.0,38
25393.0,32
25394.0,45
25395.0,37
25396.0,42
25397.0,39
25398.0,5
25399.0,74
25400.0,68
25401.0,44
25402.0,40
25403.0,33
25404.0,46
25405.0,53
25406.0,20
25407.0,57
25408.0,32
25409.0,31
25410.0,50
25411.0,40
25412.0,41
25413.0,49
25414.0,66
25415.0,30
25416.0,41
25417.0,59
25418.0,20
25419.0,49
25420.0,61
25421.0,42
25422.0,44
25423.0,70
25424.0,37
25425.0,55
25426.0,39
25427.0,67
25428.0,37
25429.0,27
25430.0,58
25431.0,37
25432.0,53
25433.0,48
25434.0,68
25435.0,45
25436.0,44
25437.0,49
25438.0,44
25439.0,51
25440.0,53
25441.0,32
25442.0,54
25443.0,19
25444.0,15
25445.0,20
25446.0,20
25447.0,31
25448.0,36
25449.0,14
25450.0,11
25451.0,30
25452.0,2
25453.0,12
25454.0,26
25455.0,38
25456.0,15
25457.0,11
25458.0,16
25459.0,21
25460.0,24
25461.0,23
25462.0,23
25463.0,3
25464.0,12
25465.0,20
25466.0,52
25467.0,20
25468.0,19
25469.0,23
25470.0,30
25471.0,26
25472.0,26
25473.0,20
25474.0,14
25475.0,18
25476.0,18
25477.0,19
25478.0,30
25479.0,18
25480.0,28
25481.0,32
25482.0,22
25483.0,24
25484.0,17
25485.0,25
25486.0,22
25487.0,24
25488.0,14
25489.0,16
25490.0,14
25491.0,20
25492.0,29
25493.0,14
25494.0,13
25495.0,24
25496.0,16
25497.0,21
25498.0,6
25499.0,24
25500.0,14
25501.0,19
25502.0,18
25503.0,13
25504.0,16
25505.0,18
25506.0,13
25507.0,22
25508.0,20
25509.0,13
25510.0,24
25511.0,26
25512.0,15
25513.0,12
25514.0,19
25515.0,12
25516.0,20
25517.0,27
25518.0,6
25519.0,15
25520.0,18
25521.0,12
25522.0,17
25523.0,7
25524.0,17
25525.0,27
25526.0,14
25527.0,32
25528.0,23
25529.0,35
25530.0,21
25531.0,18
25532.0,24
25533.0,9
25534.0,17
25535.0,14
25536.0,19
25537.0,16
25538.0,16
25539.0,9
25540.0,18
25541.0,23
25542.0,14
25543.0,51
25544.0,17
25545.0,14
25546.0,21
25547.0,20
25548.0,20
25549.0,9
25550.0,28
25551.0,25
25552.0,9
25553.0,23
25554.0,20
25555.0,24
25556.0,17
25557.0,28
25558.0,3
25559.0,16
25560.0,9
25561.0,19
25562.0,17
25563.0,11
25564.0,20
25565.0,7
25566.0,13
25567.0,21
25568.0,13
25569.0,6
25570.0,13
25571.0,17
25572.0,16
25573.0,19
25574.0,18
25575.0,17
25576.0,11
25577.0,13
25578.0,20
25579.0,16
25580.0,32
25581.0,21
25582.0,24
25583.0,11
25584.0,34
25585.0,15
25586.0,25
25587.0,7
25588.0,35
25589.0,22
25590.0,33
25591.0,29
25592.0,29
25593.0,26
25594.0,32
25595.0,29
25596.0,12
25597.0,11
25598.0,16
25599.0,24
25600.0,36
25601.0,8
25602.0,22
25603.0,44
25604.0,12
25605.0,20
25606.0,19
25607.0,12
25608.0,24
25609.0,22
25610.0,29
25611.0,27
25612.0,14
25613.0,20
25614.0,12
25615.0,20
25616.0,31
25617.0,9
25618.0,20
25619.0,16
25620.0,20
25621.0,24
25622.0,23
25623.0,25
25624.0,15
25625.0,11
25626.0,11
25627.0,6
25628.0,21
25629.0,10
25630.0,21
25631.0,14
25632.0,8
25633.0,6
25634.0,13
25635.0,19
25636.0,5
25637.0,4
25638.0,7
25639.0,9
25640.0,26
25641.0,5
25642.0,12
25643.0,6
25644.0,15
25645.0,27
25646.0,10
25647.0,6
25648.0,10
25649.0,3
25650.0,14
25651.0,14
25652.0,9
25653.0,16
25654.0,9
25655.0,15
25656.0,4
25657.0,4
25658.0,22
25659.0,14
25660.0,30
25661.0,21
25662.0,27
25663.0,35
25664.0,20
25665.0,6
25666.0,16
25667.0,11
25668.0,6
25669.0,4
25670.0,25
25671.0,15
25672.0,8
25673.0,5
25674.0,29
25675.0,40
25676.0,30
25677.0,29
25678.0,16
25679.0,4
25680.0,4
25681.0,8
25682.0,18
25683.0,7
25684.0,21
25685.0,14
25686.0,19
25687.0,21
25688.0,9
25689.0,10
25690.0,21
25691.0,17
25692.0,22
25693.0,9
25694.0,13
25695.0,22
25696.0,5
25697.0,15
25698.0,14
25699.0,22
25700.0,26
25701.0,20
25702.0,39
25703.0,34
25704.0,23
25705.0,23
25706.0,22
25707.0,20
25708.0,5
25709.0,18
25710.0,20
25711.0,24
25712.0,30
25713.0,18
25714.0,19
25715.0,33
25716.0,13
25717.0,26
25718.0,15
25719.0,35
25720.0,23
25721.0,23
25722.0,29
25723.0,28
25724.0,17
25725.0,24
25726.0,13
25727.0,21
25728.0,27
25729.0,19
25730.0,27
25731.0,23
25732.0,15
25733.0,24
25734.0,20
25735.0,27
25736.0,45
25737.0,13
25738.0,15
25739.0,25
25740.0,26
25741.0,18
25742.0,20
25743.0,12
25744.0,12
25745.0,19
25746.0,6
25747.0,33
25748.0,36
25749.0,7
25750.0,30
25751.0,12
25752.0,7
25753.0,5
25754.0,17
25755.0,16
25756.0,12
25757.0,2
25758.0,13
25759.0,20
25760.0,32
25761.0,10
25762.0,10
25763.0,12
25764.0,7
25765.0,22
25766.0,13
25767.0,74
25768.0,44
25769.0,9
25770.0,67
25771.0,50
25772.0,29
25773.0,32
25774.0,29
25775.0,32
25776.0,37
25777.0,28
25778.0,33
25779.0,52
25780.0,63
25781.0,33
25782.0,21
25783.0,52
25784.0,72
25785.0,33
25786.0,37
25787.0,69
25788.0,29
25789.0,31
25790.0,65
25791.0,40
25792.0,40
25793.0,40
25794.0,58
25795.0,81
25796.0,17
25797.0,48
25798.0,73
25799.0,47
25800.0,55
25801.0,49
25802.0,65
25803.0,47
25804.0,82
25805.0,45
25806.0,66
25807.0,55
25808.0,65
25809.0,56
25810.0,60
25811.0,44
25812.0,45
25813.0,35
25814.0,45
25815.0,82
25816.0,31
25817.0,25
25818.0,33
25819.0,47
25820.0,39
25821.0,22
25822.0,59
25823.0,43
25824.0,19
25825.0,29
25826.0,31
25827.0,42
25828.0,33
25829.0,17
25830.0,61
25831.0,44
25832.0,48
25833.0,33
25834.0,28
25835.0,24
25836.0,48
25837.0,34
25838.0,49
25839.0,15
25840.0,42
25841.0,39
25842.0,20
25843.0,47
25844.0,27
25845.0,42
25846.0,47
25847.0,35
25848.0,19
25849.0,34
25850.0,37
25851.0,43
25852.0,26
25853.0,25
25854.0,47
25855.0,48
25856.0,46
25857.0,34
25858.0,30
25859.0,26
25860.0,32
25861.0,44
25862.0,45
25863.0,28
25864.0,15
25865.0,39
25866.0,46
25867.0,30
25868.0,33
25869.0,40
25870.0,28
25871.0,51
25872.0,40
25873.0,33
25874.0,33
25875.0,62
25876.0,13
25877.0,37
25878.0,33
25879.0,33
25880.0,57
25881.0,40
25882.0,39
25883.0,17
25884.0,40
25885.0,53
25886.0,34
25887.0,40
25888.0,46
25889.0,16
25890.0,33
25891.0,35
25892.0,36
25893.0,29
25894.0,54
25895.0,30
25896.0,22
25897.0,38
25898.0,20
25899.0,46
25900.0,51
25901.0,44
25902.0,34
25903.0,60
25904.0,27
25905.0,26
25906.0,26
25907.0,29
25908.0,19
25909.0,18
25910.0,27
25911.0,25
25912.0,13
25913.0,9
25914.0,11
25915.0,27
25916.0,18
25917.0,26
25918.0,8
25919.0,16
25920.0,23
25921.0,20
25922.0,17
25923.0,15
25924.0,13
25925.0,18
25926.0,17
25927.0,11
25928.0,16
25929.0,15
25930.0,25
25931.0,38
25932.0,33
25933.0,19
25934.0,11
25935.0,12
25936.0,15
25937.0,11
25938.0,13
25939.0,25
25940.0,23
25941.0,16
25942.0,72
25943.0,13
25944.0,20
25945.0,44
25946.0,45
25947.0,38
25948.0,29
25949.0,24
25950.0,42
25951.0,25
25952.0,30
25953.0,25
25954.0,32
25955.0,37
25956.0,29
25957.0,25
25958.0,28
25959.0,23
25960.0,48
25961.0,43
25962.0,23
25963.0,33
25964.0,31
25965.0,18
25966.0,32
25967.0,50
25968.0,38
25969.0,17
25970.0,36
25971.0,19
25972.0,22
25973.0,20
25974.0,14
25975.0,37
25976.0,20
25977.0,32
25978.0,25
25979.0,17
25980.0,8
25981.0,20
25982.0,20
25983.0,8
25984.0,22
25985.0,27
25986.0,29
25987.0,11
25988.0,14
25989.0,9
25990.0,22
25991.0,19
25992.0,33
25993.0,9
25994.0,20
25995.0,18
25996.0,24
25997.0,10
25998.0,12
25999.0,31
26000.0,21
26001.0,7
26002.0,12
26003.0,17
26004.0,16
26005.0,31
26006.0,24
26007.0,9
26008.0,13
26009.0,3
26010.0,18
26011.0,13
26012.0,9
26013.0,9
26014.0,11
26015.0,17
26016.0,7
26017.0,7
26018.0,11
26019.0,13
26020.0,22
26021.0,15
26022.0,33
26023.0,13
26024.0,5
26025.0,8
26026.0,6
26027.0,9
26028.0,5
26029.0,5
26030.0,16
26031.0,8
26032.0,8
26033.0,4
26034.0,14
26035.0,16
26036.0,12
26037.0,7
26038.0,7
26039.0,5
26040.0,9
26041.0,7
26042.0,8
26043.0,7
26044.0,12
26045.0,4
26046.0,33
26047.0,21
26048.0,17
26049.0,13
26050.0,35
26051.0,17
26052.0,26
26053.0,5
26054.0,31
26055.0,11
26056.0,27
26057.0,17
26058.0,15
26059.0,26
26060.0,20
26061.0,11
26062.0,27
26063.0,18
26064.0,13
26065.0,35
26066.0,25
26067.0,16
26068.0,17
26069.0,15
26070.0,23
26071.0,18
26072.0,19
26073.0,7
26074.0,38
26075.0,11
26076.0,26
26077.0,14
26078.0,29
26079.0,15
26080.0,34
26081.0,23
26082.0,27
26083.0,19
26084.0,9
26085.0,30
26086.0,15
26087.0,8
26088.0,18
26089.0,15
26090.0,18
26091.0,25
26092.0,2
26093.0,16
26094.0,19
26095.0,42
26096.0,20
26097.0,15
26098.0,6
26100.0,12
26101.0,6
26102.0,27
26103.0,26
26104.0,20
26105.0,10
26106.0,7
26107.0,10
26108.0,7
26109.0,9
26110.0,26
26111.0,11
26112.0,6
26113.0,11
26114.0,13
26115.0,18
26116.0,11
26117.0,7
26118.0,22
26119.0,4
26120.0,16
26121.0,8
26122.0,15
26123.0,9
26124.0,8
26125.0,12
26126.0,16
26127.0,16
26128.0,7
26129.0,3
26130.0,33
26131.0,15
26132.0,11
26133.0,4
26134.0,9
26135.0,21
26136.0,10
26137.0,6
26138.0,10
26139.0,6
26140.0,45
26141.0,69
26142.0,28
26143.0,25
26144.0,13
26145.0,8
26146.0,12
26147.0,9
26148.0,21
26149.0,4
26150.0,19
26151.0,21
26152.0,6
26153.0,13
26154.0,12
26155.0,20
26156.0,4
26157.0,14
26158.0,17
26159.0,5
26160.0,10
26161.0,15
26162.0,9
26163.0,9
26164.0,3
26165.0,12
26166.0,12
26167.0,1
26168.0,3
26169.0,10
26170.0,10
26171.0,31
26172.0,8
26173.0,10
26174.0,16
26175.0,8
26176.0,16
26177.0,11
26178.0,17
26179.0,6
26180.0,24
26181.0,14
26182.0,27
26183.0,8
26184.0,6
26185.0,11
26186.0,26
26187.0,13
26188.0,10
26189.0,14
26190.0,28
26191.0,27
26192.0,10
26193.0,7
26194.0,7
26195.0,13
26196.0,7
26197.0,11
26198.0,17
26199.0,9
26200.0,18
26201.0,12
26202.0,17
26203.0,4
26204.0,9
26205.0,11
26206.0,16
26207.0,2
26208.0,1
26209.0,6
26210.0,25
26211.0,21
26212.0,13
26213.0,14
26214.0,13
26215.0,16
26216.0,17
26217.0,7
26218.0,6
26219.0,3
26220.0,8
26221.0,14
26222.0,12
26223.0,8
26224.0,12
26225.0,14
26226.0,8
26227.0,4
26228.0,5
26229.0,8
26230.0,9
26231.0,15
26232.0,20
26233.0,38
26234.0,36
26235.0,24
26236.0,39
26237.0,46
26238.0,25
26239.0,21
26240.0,32
26241.0,26
26242.0,22
26243.0,19
26244.0,20
26245.0,17
26246.0,42
26247.0,25
26248.0,26
26249.0,36
26250.0,53
26251.0,33
26252.0,19
26253.0,29
26254.0,29
26255.0,19
26256.0,32
26257.0,17
26258.0,27
26259.0,28
26260.0,35
26261.0,34
26262.0,57
26263.0,26
26264.0,25
26265.0,25
26266.0,27
26267.0,12
26268.0,17
26269.0,22
26270.0,12
26271.0,34
26272.0,17
26273.0,21
26274.0,19
26275.0,33
26276.0,19
26277.0,9
26278.0,36
26279.0,19
26280.0,25
26281.0,13
26282.0,22
26283.0,18
26284.0,14
26285.0,19
26286.0,34
26287.0,26
26288.0,24
26289.0,11
26290.0,37
26291.0,30
26292.0,17
26293.0,5
26294.0,30
26295.0,11
26296.0,38
26297.0,15
26298.0,19
26299.0,20
26300.0,28
26301.0,23
26302.0,25
26303.0,8
26304.0,23
26305.0,5
26306.0,40
26307.0,30
26308.0,31
26309.0,3
26310.0,20
26311.0,25
26312.0,17
26313.0,20
26314.0,19
26315.0,21
26316.0,32
26317.0,15
26318.0,18
26319.0,27
26320.0,43
26321.0,24
26322.0,35
26323.0,8
26324.0,20
26325.0,31
26326.0,31
26327.0,21
26328.0,21
26329.0,16
26330.0,39
26331.0,15
26332.0,15
26333.0,12
26334.0,10
26335.0,26
26336.0,8
26337.0,23
26338.0,9
26339.0,8
26340.0,19
26341.0,11
26342.0,12
26343.0,7
26344.0,16
26345.0,14
26346.0,4
26347.0,7
26348.0,9
26349.0,10
26350.0,17
26351.0,25
26352.0,13
26353.0,7
26354.0,13
26355.0,11
26356.0,14
26357.0,1
26358.0,5
26359.0,9
26360.0,16
26361.0,6
26362.0,13
26363.0,23
26364.0,15
26365.0,23
26366.0,5
26367.0,17
26368.0,9
26369.0,8
26370.0,18
26371.0,11
26372.0,5
26373.0,6
26374.0,17
26375.0,24
26376.0,9
26377.0,2
26378.0,12
26379.0,3
26380.0,23
26381.0,19
26382.0,31
26383.0,7
26384.0,6
26385.0,18
26386.0,11
26387.0,11
26388.0,2
26389.0,6
26390.0,13
26391.0,18
26392.0,11
26393.0,30
26394.0,28
26395.0,22
26396.0,7
26397.0,9
26398.0,17
26399.0,4
26400.0,8
26401.0,17
26402.0,13
26403.0,2
26404.0,12
26405.0,6
26406.0,6
26407.0,12
26408.0,10
26409.0,3
26410.0,13
26411.0,38
26412.0,26
26413.0,22
26414.0,12
26415.0,14
26416.0,19
26417.0,30
26418.0,25
26419.0,14
26420.0,10
26421.0,25
26422.0,24
26423.0,22
26424.0,18
26425.0,21
26426.0,12
26427.0,14
26428.0,7
26429.0,10
26430.0,15
26431.0,21
26432.0,11
26433.0,8
26434.0,30
26435.0,22
26436.0,15
26437.0,6
26438.0,12
26439.0,16
26440.0,23
26441.0,25
26442.0,21
26443.0,4
26444.0,24
26445.0,8
26446.0,18
26447.0,17
26448.0,13
26449.0,11
26450.0,18
26451.0,12
26452.0,13
26453.0,12
26454.0,6
26455.0,15
26456.0,20
26457.0,19
26458.0,16
26459.0,9
26460.0,13
26461.0,18
26462.0,24
26463.0,12
26464.0,21
26465.0,16
26466.0,1
26467.0,7
26468.0,11
26469.0,6
26470.0,17
26471.0,12
26472.0,59
26473.0,26
26474.0,51
26475.0,56
26476.0,58
26477.0,30
26478.0,48
26479.0,55
26480.0,66
26481.0,13
26482.0,17
26483.0,21
26484.0,7
26485.0,19
26486.0,9
26487.0,24
26488.0,18
26489.0,9
26490.0,16
26491.0,15
26492.0,25
26493.0,11
26494.0,12
26495.0,24
26496.0,23
26497.0,35
26498.0,29
26499.0,19
26500.0,34
26501.0,37
26502.0,52
26503.0,25
26504.0,34
26505.0,14
26506.0,27
26507.0,24
26508.0,6
26509.0,14
26510.0,20
26511.0,9
26512.0,20
26513.0,6
26514.0,15
26515.0,18
26516.0,20
26517.0,13
26518.0,10
26519.0,3
26520.0,14
26521.0,13
26522.0,14
26523.0,10
26524.0,5
26525.0,9
26526.0,9
26527.0,15
26528.0,6
26529.0,8
26530.0,30
26531.0,16
26532.0,21
26533.0,8
26534.0,8
26535.0,13
26536.0,12
26537.0,13
26538.0,8
26539.0,11
26540.0,24
26541.0,17
26542.0,11
26543.0,11
26544.0,19
26545.0,20
26546.0,9
26547.0,14
26548.0,13
26549.0,7
26550.0,18
26551.0,12
26552.0,11
26554.0,19
26555.0,15
26556.0,6
26557.0,6
26558.0,9
26559.0,18
26560.0,8
26561.0,14
26562.0,16
26563.0,7
26564.0,6
26565.0,11
26566.0,19
26567.0,17
26568.0,10
26569.0,8
26570.0,15
26571.0,12
26572.0,18
26573.0,10
26574.0,7
26575.0,14
26576.0,5
26577.0,21
26578.0,21
26579.0,2
26580.0,15
26581.0,9
26582.0,16
26583.0,13
26584.0,17
26585.0,14
26586.0,15
26587.0,15
26588.0,12
26589.0,7
26590.0,22
26591.0,12
26592.0,24
26593.0,12
26594.0,11
26595.0,25
26596.0,13
26597.0,4
26598.0,14
26599.0,15
26600.0,26
26601.0,5
26602.0,12
26603.0,21
26604.0,11
26605.0,21
26606.0,12
26607.0,11
26608.0,26
26609.0,15
26610.0,17
26611.0,8
26612.0,22
26613.0,10
26614.0,8
26615.0,14
26616.0,11
26617.0,2
26618.0,21
26619.0,5
26620.0,25
26621.0,21
26622.0,28
26623.0,10
26624.0,7
26625.0,13
26626.0,7
26627.0,13
26628.0,6
26629.0,20
26630.0,16
26631.0,14
26632.0,11
26633.0,9
26634.0,19
26635.0,22
26636.0,6
26637.0,19
26638.0,13
26639.0,9
26640.0,20
26641.0,8
26642.0,24
26643.0,6
26644.0,17
26645.0,15
26646.0,9
26647.0,4
26648.0,9
26649.0,8
26650.0,26
26651.0,25
26652.0,13
26653.0,9
26654.0,10
26655.0,12
26656.0,5
26657.0,3
26658.0,16
26659.0,11
26660.0,19
26661.0,13
26662.0,16
26663.0,21
26664.0,5
26665.0,20
26666.0,6
26667.0,5
26668.0,26
26669.0,17
26670.0,16
26671.0,9
26672.0,18
26673.0,12
26674.0,13
26675.0,25
26676.0,35
26677.0,24
26678.0,21
26679.0,15
26680.0,21
26681.0,17
26682.0,19
26683.0,6
26684.0,11
26685.0,12
26686.0,19
26687.0,7
26688.0,18
26689.0,8
26690.0,22
26691.0,20
26692.0,28
26693.0,17
26694.0,4
26695.0,22
26696.0,16
26697.0,24
26698.0,4
26699.0,11
26700.0,11
26701.0,20
26702.0,6
26703.0,1
26704.0,11
26705.0,13
26706.0,8
26707.0,8
26708.0,5
26709.0,11
26710.0,11
26711.0,16
26712.0,11
26713.0,9
26714.0,7
26715.0,15
26716.0,17
26717.0,7
26718.0,18
26719.0,17
26720.0,20
26721.0,16
26722.0,15
26723.0,14
26724.0,11
26725.0,15
26726.0,20
26727.0,7
26728.0,20
26729.0,5
26730.0,13
26731.0,6
26732.0,15
26733.0,17
26734.0,6
26735.0,15
26736.0,4
26737.0,14
26738.0,8
26739.0,20
26740.0,14
26741.0,27
26742.0,18
26743.0,25
26744.0,26
26745.0,12
26746.0,8
26747.0,14
26748.0,6
26749.0,8
26750.0,10
26751.0,15
26752.0,15
26753.0,14
26754.0,11
26755.0,18
26756.0,26
26757.0,8
26758.0,10
26759.0,9
26760.0,36
26761.0,22
26762.0,19
26763.0,23
26764.0,18
26765.0,17
26766.0,8
26767.0,7
26768.0,15
26769.0,15
26770.0,17
26771.0,28
26772.0,33
26773.0,14
26774.0,18
26775.0,23
26776.0,12
26777.0,36
26778.0,8
26779.0,20
26780.0,19
26781.0,32
26782.0,28
26783.0,30
26784.0,20
26785.0,29
26786.0,26
26787.0,14
26788.0,15
26789.0,9
26790.0,15
26791.0,15
26792.0,17
26793.0,15
26794.0,15
26795.0,10
26796.0,12
26797.0,2
26798.0,26
26799.0,7
26800.0,22
26801.0,14
26802.0,10
26803.0,9
26804.0,11
26805.0,4
26806.0,11
26807.0,13
26808.0,11
26809.0,7
26810.0,9
26811.0,17
26812.0,6
26813.0,5
26814.0,23
26815.0,36
26816.0,28
26817.0,17
26818.0,9
26819.0,9
26820.0,12
26821.0,14
26822.0,12
26823.0,9
26824.0,12
26825.0,15
26826.0,8
26827.0,6
26828.0,7
26829.0,9
26830.0,24
26831.0,25
26832.0,13
26833.0,10
26834.0,13
26835.0,18
26836.0,17
26837.0,14
26838.0,26
26839.0,14
26840.0,27
26841.0,20
26842.0,12
26843.0,21
26844.0,19
26845.0,33
26846.0,22
26847.0,13
26848.0,16
26849.0,10
26850.0,16
26851.0,20
26852.0,58
26853.0,65
26854.0,41
26855.0,31
26856.0,16
26857.0,26
26858.0,32
26859.0,19
26860.0,33
26861.0,21
26862.0,47
26863.0,24
26864.0,22
26865.0,25
26866.0,27
26867.0,28
26868.0,24
26869.0,54
26870.0,29
26871.0,28
26872.0,68
26873.0,15
26874.0,14
26875.0,23
26876.0,24
26877.0,24
26878.0,39
26879.0,18
26880.0,14
26881.0,24
26882.0,11
26883.0,11
26884.0,17
26885.0,17
26886.0,20
26887.0,18
26888.0,18
26889.0,12
26890.0,32
26891.0,22
26892.0,32
26893.0,13
26894.0,22
26895.0,22
26896.0,43
26897.0,21
26898.0,28
26899.0,19
26900.0,17
26901.0,26
26902.0,32
26903.0,13
26904.0,26
26905.0,17
26906.0,32
26907.0,23
26908.0,23
26909.0,18
26910.0,28
26911.0,20
26912.0,17
26913.0,10
26914.0,24
26915.0,9
26916.0,29
26917.0,22
26918.0,17
26919.0,28
26920.0,24
26921.0,11
26922.0,24
26923.0,14
26924.0,18
26925.0,18
26926.0,12
26927.0,24
26928.0,8
26929.0,10
26930.0,26
26931.0,27
26932.0,17
26933.0,5
26934.0,16
26935.0,22
26936.0,26
26937.0,21
26938.0,33
26939.0,27
26940.0,25
26941.0,18
26942.0,25
26943.0,15
26944.0,16
26945.0,14
26946.0,38
26947.0,16
26948.0,29
26949.0,11
26950.0,32
26951.0,27
26952.0,19
26953.0,16
26954.0,18
26955.0,23
26956.0,11
26957.0,9
26958.0,23
26959.0,27
26960.0,28
26961.0,9
26962.0,8
26963.0,12
26964.0,21
26965.0,28
26966.0,25
26967.0,33
26968.0,26
26969.0,36
26970.0,30
26971.0,14
26972.0,4
26973.0,8
26974.0,12
26975.0,20
26976.0,15
26977.0,6
26978.0,16
26979.0,9
26980.0,18
26981.0,21
26982.0,66
26983.0,9
26984.0,7
26985.0,14
26986.0,13
26987.0,14
26988.0,9
26989.0,12
26990.0,28
26991.0,17
26992.0,9
26993.0,11
26994.0,25
26995.0,27
26996.0,16
26997.0,24
26998.0,11
26999.0,19
27000.0,19
27001.0,16
27002.0,15
27003.0,21
27004.0,5
27005.0,14
27006.0,20
27007.0,16
27008.0,4
27009.0,15
27010.0,20
27011.0,35
27012.0,21
27013.0,12
27014.0,14
27015.0,24
27016.0,21
27017.0,24
27018.0,22
27019.0,7
27020.0,20
27021.0,39
27022.0,31
27023.0,27
27024.0,21
27025.0,19
27026.0,33
27027.0,7
27028.0,34
27029.0,14
27030.0,35
27031.0,20
27032.0,20
27033.0,19
27034.0,30
27035.0,29
27036.0,34
27037.0,26
27038.0,30
27039.0,18
27040.0,22
27041.0,16
27042.0,44
27043.0,9
27044.0,23
27045.0,23
27046.0,22
27047.0,27
27048.0,17
27049.0,9
27050.0,38
27051.0,16
27052.0,10
27053.0,16
27054.0,21
27055.0,42
27056.0,18
27057.0,14
27058.0,21
27059.0,17
27060.0,33
27061.0,12
27062.0,16
27063.0,14
27064.0,15
27065.0,21
27066.0,20
27067.0,13
27068.0,9
27069.0,14
27070.0,43
27071.0,17
27072.0,20
27073.0,16
27074.0,16
27075.0,11
27076.0,15
27077.0,9
27078.0,9
27079.0,12
27080.0,11
27081.0,12
27082.0,8
27083.0,19
27084.0,10
27085.0,34
27086.0,18
27087.0,8
27088.0,20
27089.0,7
27090.0,19
27091.0,14
27092.0,7
27093.0,7
27094.0,7
27095.0,14
27096.0,8
27097.0,8
27098.0,15
27099.0,13
27100.0,21
27101.0,17
27102.0,30
27103.0,17
27104.0,19
27105.0,7
27106.0,30
27107.0,18
27108.0,19
27109.0,14
27110.0,12
27111.0,12
27112.0,8
27113.0,11
27114.0,30
27115.0,20
27116.0,8
27117.0,19
27118.0,11
27119.0,6
27120.0,20
27121.0,17
27122.0,24
27123.0,44
27124.0,28
27125.0,22
27126.0,23
27127.0,37
27128.0,23
27129.0,24
27130.0,39
27131.0,34
27132.0,16
27133.0,34
27134.0,24
27135.0,42
27136.0,29
27137.0,24
27138.0,32
27139.0,24
27140.0,28
27141.0,13
27142.0,23
27143.0,26
27144.0,36
27145.0,35
27146.0,38
27147.0,25
27148.0,11
27149.0,7
27150.0,34
27151.0,17
27152.0,7
27153.0,21
27154.0,11
27155.0,20
27156.0,15
27157.0,9
27158.0,8
27159.0,22
27160.0,24
27161.0,13
27162.0,17
27163.0,20
27164.0,2
27165.0,14
27166.0,15
27167.0,14
27168.0,8
27169.0,16
27170.0,22
27171.0,33
27172.0,24
27173.0,8
27174.0,21
27175.0,25
27176.0,10
27177.0,19
27178.0,10
27179.0,21
27180.0,39
27181.0,38
27182.0,12
27183.0,7
27184.0,14
27185.0,11
27186.0,24
27187.0,11
27188.0,21
27189.0,18
27190.0,34
27191.0,44
27192.0,28
27193.0,14
27194.0,14
27195.0,35
27196.0,32
27197.0,25
27198.0,15
27199.0,30
27200.0,37
27201.0,25
27202.0,32
27203.0,36
27204.0,22
27205.0,41
27206.0,34
27207.0,22
27208.0,49
27209.0,27
27210.0,27
27211.0,38
27212.0,37
27213.0,31
27214.0,28
27215.0,30
27216.0,25
27217.0,36
27218.0,28
27219.0,21
27220.0,26
27221.0,49
27222.0,39
27223.0,22
27224.0,39
27225.0,20
27226.0,34
27227.0,22
27228.0,19
27229.0,36
27230.0,28
27231.0,30
27232.0,32
27233.0,27
27234.0,31
27235.0,33
27236.0,21
27237.0,51
27238.0,8
27239.0,23
27240.0,24
27241.0,40
27242.0,24
27243.0,25
27244.0,5
27245.0,44
27246.0,16
27247.0,30
27248.0,23
27249.0,11
27250.0,31
27251.0,35
27252.0,19
27253.0,26
27254.0,23
27255.0,30
27256.0,28
27257.0,21
27258.0,32
27259.0,23
27260.0,36
27261.0,24
27262.0,37
27263.0,25
27264.0,33
27265.0,26
27266.0,24
27267.0,12
27268.0,36
27269.0,11
27270.0,27
27271.0,15
27272.0,18
27273.0,12
27274.0,39
27275.0,19
27276.0,24
27277.0,15
27278.0,18
27279.0,34
27280.0,29
27281.0,28
27282.0,39
27283.0,17
27284.0,22
27285.0,12
27286.0,18
27287.0,15
27288.0,15
27289.0,27
27290.0,20
27291.0,22
27292.0,19
27293.0,23
27294.0,15
27295.0,45
27296.0,31
27297.0,31
27298.0,28
27299.0,15
27300.0,32
27301.0,27
27302.0,22
27303.0,29
27304.0,22
27305.0,22
27306.0,28
27307.0,34
27308.0,32
27309.0,7
27310.0,50
27311.0,35
27312.0,36
27313.0,24
27314.0,15
27315.0,28
27316.0,28
27317.0,25
27318.0,37
27319.0,27
27320.0,35
27321.0,5
27322.0,48
27323.0,16
27324.0,26
27325.0,7
27326.0,8
27327.0,47
27328.0,25
27329.0,30
27330.0,30
27331.0,21
27332.0,30
27333.0,33
27334.0,15
27335.0,26
27336.0,23
27337.0,8
27338.0,15
27339.0,3
27340.0,18
27341.0,21
27342.0,8
27343.0,57
27344.0,8
27345.0,7
27346.0,10
27347.0,1
27348.0,10
27349.0,6
27350.0,14
27351.0,11
27352.0,7
27353.0,7
27354.0,11
27355.0,12
27356.0,11
27357.0,14
27358.0,19
27359.0,23
27360.0,2
27361.0,20
27362.0,29
27363.0,10
27364.0,19
27365.0,27
27366.0,11
27367.0,12
27368.0,32
27369.0,11
27370.0,13
27371.0,42
27372.0,30
27373.0,32
27374.0,26
27375.0,16
27376.0,14
27377.0,9
27378.0,12
27379.0,16
27380.0,8
27381.0,32
27382.0,26
27383.0,17
27384.0,17
27385.0,28
27386.0,22
27387.0,22
27388.0,18
27389.0,15
27390.0,23
27391.0,13
27392.0,12
27393.0,5
27394.0,8
27395.0,20
27396.0,29
27397.0,13
27398.0,8
27399.0,21
27400.0,23
27401.0,34
27402.0,17
27403.0,8
27404.0,12
27405.0,40
27406.0,16
27407.0,20
27408.0,26
27409.0,6
27410.0,8
27411.0,17
27412.0,5
27413.0,2
27414.0,22
27415.0,18
27416.0,11
27417.0,26
27418.0,12
27419.0,6
27420.0,14
27421.0,13
27422.0,33
27423.0,4
27424.0,6
27425.0,14
27426.0,19
27427.0,9
27428.0,7
27429.0,1
27430.0,7
27431.0,31
27432.0,6
27433.0,8
27434.0,29
27435.0,28
27436.0,6
27437.0,9
27438.0,11
27439.0,9
27440.0,20
27441.0,9
27442.0,17
27443.0,30
27444.0,5
27445.0,33
27446.0,16
27447.0,6
27448.0,13
27449.0,20
27450.0,27
27451.0,11
27452.0,18
27453.0,13
27454.0,6
27455.0,12
27456.0,20
27457.0,10
27458.0,11
27459.0,10
27460.0,17
27461.0,30
27462.0,26
27463.0,16
27464.0,16
27465.0,8
27466.0,11
27467.0,23
27468.0,6
27469.0,30
27470.0,28
27471.0,28
27472.0,19
27473.0,12
27474.0,20
27475.0,32
27476.0,14
27477.0,30
27478.0,20
27479.0,17
27480.0,18
27481.0,16
27482.0,26
27483.0,19
27484.0,9
27485.0,20
27486.0,19
27487.0,6
27488.0,27
27489.0,5
27490.0,33
27491.0,30
27492.0,17
27493.0,18
27494.0,29
27495.0,21
27496.0,20
27497.0,13
27498.0,21
27499.0,24
27500.0,21
27501.0,13
27502.0,30
27503.0,24
27504.0,18
27505.0,18
27506.0,17
27507.0,12
27508.0,7
27509.0,15
27510.0,17
27511.0,13
27512.0,13
27513.0,14
27514.0,14
27515.0,25
27516.0,26
27517.0,7
27518.0,10
27519.0,11
27520.0,17
27521.0,21
27522.0,9
27523.0,1
27524.0,4
27525.0,8
27526.0,6
27527.0,4
27528.0,5
27529.0,12
27530.0,13
27531.0,8
27532.0,8
27533.0,1
27534.0,9
27535.0,36
27536.0,15
27537.0,7
27538.0,12
27539.0,17
27540.0,12
27541.0,11
27542.0,14
27543.0,18
27544.0,15
27545.0,28
27546.0,12
27547.0,16
27548.0,14
27549.0,3
27550.0,20
27551.0,16
27552.0,12
27553.0,11
27554.0,10
27555.0,23
27556.0,14
27557.0,25
27558.0,6
27559.0,8
27560.0,22
27561.0,9
27562.0,16
27563.0,21
27564.0,10
27565.0,28
27566.0,8
27567.0,9
27568.0,11
27569.0,11
27570.0,14
27571.0,15
27572.0,4
27573.0,6
27574.0,11
27575.0,14
27576.0,6
27577.0,18
27578.0,26
27579.0,61
27580.0,12
27581.0,25
27582.0,31
27583.0,12
27584.0,8
27585.0,11
27586.0,9
27587.0,10
27588.0,6
27589.0,7
27590.0,15
27591.0,9
27592.0,7
27593.0,3
27594.0,6
27595.0,17
27596.0,13
27597.0,12
27598.0,11
27599.0,6
27600.0,9
27601.0,6
27602.0,17
27603.0,7
27604.0,8
27605.0,14
27606.0,10
27607.0,2
27608.0,1
27609.0,21
27610.0,13
27611.0,32
27612.0,12
27613.0,9
27614.0,20
27615.0,6
27616.0,28
27617.0,16
27618.0,18
27619.0,12
27620.0,24
27621.0,9
27622.0,23
27623.0,16
27624.0,3
27625.0,33
27626.0,13
27627.0,13
27628.0,14
27629.0,8
27630.0,20
27631.0,8
27632.0,3
27633.0,7
27634.0,12
27635.0,7
27636.0,12
27637.0,7
27638.0,14
27639.0,22
27640.0,14
27641.0,6
27642.0,9
27643.0,16
27644.0,8
27645.0,13
27646.0,10
27647.0,1
27648.0,13
27649.0,10
27650.0,22
27651.0,10
27652.0,9
27653.0,5
27654.0,7
27655.0,15
27656.0,14
27657.0,23
27658.0,5
27659.0,8
27660.0,24
27661.0,13
27662.0,20
27663.0,12
27664.0,13
27665.0,15
27666.0,11
27667.0,12
27668.0,7
27669.0,3
27670.0,26
27671.0,18
27672.0,31
27673.0,20
27674.0,36
27675.0,39
27676.0,34
27677.0,30
27678.0,29
27679.0,32
27680.0,18
27681.0,26
27682.0,30
27683.0,17
27684.0,21
27685.0,25
27686.0,2
27687.0,61
27688.0,33
27689.0,53
27690.0,50
27691.0,4
27692.0,40
27693.0,14
27694.0,35
27695.0,20
27696.0,5
27697.0,40
27698.0,13
27699.0,21
27700.0,27
27701.0,29
27702.0,14
27703.0,15
27704.0,1
27705.0,86
27706.0,10
27707.0,21
27708.0,27
27709.0,16
27710.0,28
27711.0,20
27712.0,29
27713.0,24
27714.0,34
27715.0,40
27716.0,77
27717.0,32
27718.0,17
27720.0,58
27721.0,30
27722.0,41
27723.0,10
27724.0,36
27725.0,26
27726.0,20
27727.0,17
27728.0,9
27729.0,13
27730.0,19
27731.0,23
27732.0,38
27733.0,46
27734.0,18
27735.0,31
27736.0,2
27737.0,7
27738.0,3
27739.0,82
27740.0,46
27741.0,36
27742.0,37
27743.0,6
27744.0,1
27745.0,7
27746.0,1
27747.0,1
27748.0,85
27749.0,9
27750.0,35
27751.0,30
27752.0,17
27753.0,26
27754.0,26
27755.0,22
27756.0,20
27757.0,30
27758.0,11
27759.0,16
27760.0,29
27761.0,21
27762.0,27
27763.0,17
27764.0,33
27765.0,26
27766.0,27
27767.0,19
27768.0,21
27769.0,20
27770.0,36
27771.0,27
27772.0,24
27773.0,17
27774.0,31
27775.0,23
27776.0,35
27777.0,27
27778.0,29
27779.0,19
27780.0,20
27781.0,31
27782.0,24
27783.0,17
27784.0,21
27785.0,41
27786.0,14
27787.0,23
27788.0,17
27789.0,25
27790.0,43
27791.0,30
27792.0,30
27793.0,22
27794.0,26
27795.0,28
27796.0,24
27797.0,26
27798.0,19
27799.0,28
27800.0,52
27801.0,20
27802.0,35
27803.0,34
27804.0,37
27805.0,39
27806.0,26
27807.0,26
27808.0,24
27809.0,26
27810.0,31
27811.0,38
27812.0,15
27813.0,29
27814.0,2
27815.0,44
27816.0,9
27817.0,32
27818.0,35
27819.0,19
27820.0,47
27821.0,22
27822.0,28
27823.0,51
27824.0,29
27825.0,26
27826.0,22
27827.0,27
27828.0,23
27829.0,20
27830.0,32
27831.0,23
27832.0,38
27833.0,31
27834.0,21
27835.0,41
27836.0,31
27837.0,42
27838.0,13
27839.0,23
27840.0,45
27841.0,25
27842.0,31
27843.0,19
27844.0,24
27845.0,27
27846.0,22
27847.0,19
27848.0,34
27849.0,9
27850.0,28
27851.0,24
27852.0,12
27853.0,5
27854.0,7
27855.0,19
27856.0,11
27857.0,14
27858.0,16
27859.0,8
27860.0,19
27861.0,24
27862.0,12
27863.0,23
27864.0,25
27865.0,23
27866.0,11
27867.0,6
27868.0,9
27869.0,3
27870.0,14
27871.0,12
27872.0,8
27873.0,4
27874.0,23
27875.0,16
27876.0,25
27877.0,7
27878.0,11
27879.0,14
27880.0,14
27881.0,4
27882.0,12
27883.0,10
27884.0,8
27885.0,13
27886.0,8
27887.0,12
27888.0,10
27889.0,7
27890.0,12
27891.0,9
27892.0,11
27893.0,4
27894.0,13
27895.0,10
27896.0,16
27897.0,19
27898.0,4
27899.0,4
27900.0,12
27901.0,24
27902.0,14
27903.0,11
27904.0,2
27905.0,9
27906.0,19
27907.0,14
27908.0,28
27909.0,16
27910.0,32
27911.0,14
27912.0,73
27913.0,7
27914.0,63
27915.0,47
27916.0,45
27917.0,47
27918.0,60
27919.0,60
27920.0,66
27921.0,27
27922.0,19
27923.0,13
27924.0,18
27925.0,18
27926.0,23
27927.0,20
27928.0,22
27929.0,3
27930.0,19
27931.0,11
27932.0,10
27933.0,4
27934.0,13
27935.0,14
27936.0,17
27937.0,10
27938.0,10
27939.0,12
27940.0,15
27941.0,17
27942.0,26
27943.0,8
27944.0,7
27945.0,14
27946.0,12
27947.0,14
27948.0,2
27949.0,5
27950.0,13
27951.0,8
27952.0,2
27953.0,8
27954.0,6
27955.0,11
27956.0,9
27957.0,18
27958.0,15
27959.0,8
27960.0,12
27961.0,16
27962.0,9
27963.0,17
27964.0,8
27965.0,11
27966.0,9
27967.0,2
27968.0,6
27969.0,8
27970.0,25
27971.0,16
27972.0,12
27973.0,11
27974.0,19
27975.0,14
27976.0,12
27977.0,5
27978.0,10
27979.0,21
27980.0,24
27981.0,18
27982.0,19
27983.0,26
27984.0,16
27985.0,15
27986.0,20
27987.0,19
27989.0,12
27990.0,15
27991.0,9
27992.0,8
27993.0,6
27994.0,8
27995.0,13
27996.0,19
27997.0,13
27998.0,27
27999.0,8
28000.0,15
28001.0,10
28002.0,13
28003.0,9
28004.0,8
28005.0,20
28006.0,12
28007.0,6
28008.0,16
28009.0,8
28010.0,24
28011.0,10
28012.0,14
28013.0,22
28014.0,10
28015.0,32
28016.0,10
28017.0,18
28018.0,9
28019.0,13
28020.0,20
28021.0,11
28022.0,15
28023.0,5
28024.0,14
28025.0,15
28026.0,9
28027.0,8
28028.0,6
28029.0,2
28030.0,25
28031.0,12
28032.0,15
28033.0,10
28034.0,20
28035.0,13
28036.0,13
28037.0,5
28038.0,6
28039.0,10
28040.0,23
28041.0,12
28042.0,19
28043.0,11
28044.0,12
28045.0,23
28046.0,26
28047.0,9
28048.0,5
28049.0,2
28050.0,22
28051.0,7
28052.0,11
28053.0,4
28054.0,11
28055.0,11
28056.0,7
28057.0,7
28058.0,6
28059.0,5
28060.0,15
28061.0,16
28062.0,25
28063.0,5
28064.0,4
28065.0,8
28066.0,8
28067.0,3
28069.0,12
28070.0,7
28071.0,13
28072.0,3
28073.0,23
28074.0,12
28075.0,24
28076.0,11
28077.0,22
28078.0,8
28079.0,18
28080.0,23
28081.0,21
28082.0,13
28083.0,12
28084.0,14
28085.0,14
28086.0,15
28087.0,6
28088.0,6
28089.0,4
28090.0,27
28091.0,14
28092.0,11
28093.0,9
28094.0,9
28095.0,16
28096.0,10
28097.0,12
28098.0,14
28099.0,12
28100.0,24
28101.0,3
28102.0,17
28103.0,11
28104.0,5
28105.0,15
28106.0,13
28107.0,11
28108.0,16
28109.0,19
28110.0,14
28111.0,10
28112.0,7
28113.0,11
28114.0,8
28115.0,14
28116.0,12
28117.0,4
28118.0,7
28119.0,2
28120.0,17
28121.0,21
28122.0,25
28123.0,6
28124.0,2
28125.0,6
28126.0,10
28127.0,9
28128.0,28
28129.0,13
28130.0,22
28131.0,14
28132.0,9
28133.0,4
28134.0,10
28135.0,11
28136.0,17
28137.0,17
28138.0,5
28139.0,12
28140.0,20
28141.0,20
28142.0,23
28143.0,12
28144.0,5
28145.0,14
28146.0,8
28147.0,8
28148.0,8
28149.0,8
28150.0,20
28151.0,13
28152.0,15
28153.0,3
28154.0,16
28155.0,21
28156.0,16
28157.0,11
28158.0,10
28159.0,7
28160.0,21
28161.0,18
28162.0,21
28163.0,17
28164.0,17
28165.0,24
28166.0,14
28167.0,18
28168.0,20
28169.0,5
28170.0,24
28171.0,12
28172.0,25
28173.0,8
28174.0,26
28175.0,13
28176.0,6
28177.0,9
28178.0,20
28179.0,21
28180.0,29
28181.0,24
28182.0,35
28183.0,10
28184.0,14
28185.0,20
28186.0,13
28187.0,6
28188.0,23
28189.0,8
28190.0,14
28191.0,12
28192.0,8
28193.0,10
28194.0,14
28195.0,25
28196.0,10
28197.0,15
28198.0,20
28199.0,3
28200.0,21
28201.0,8
28202.0,11
28203.0,4
28204.0,19
28205.0,24
28206.0,9
28207.0,7
28208.0,8
28209.0,5
28210.0,24
28211.0,20
28212.0,10
28213.0,11
28214.0,10
28215.0,28
28216.0,10
28217.0,8
28218.0,28
28219.0,29
28220.0,22
28221.0,19
28222.0,16
28223.0,15
28224.0,21
28225.0,5
28226.0,21
28227.0,6
28228.0,9
28229.0,3
28230.0,12
28231.0,22
28232.0,5
28233.0,11
28234.0,9
28235.0,16
28236.0,7
28237.0,2
28238.0,24
28239.0,18
28240.0,16
28241.0,7
28242.0,12
28243.0,8
28244.0,9
28245.0,14
28246.0,9
28247.0,10
28248.0,10
28249.0,21
28250.0,14
28251.0,19
28252.0,9
28253.0,6
28254.0,12
28255.0,18
28256.0,11
28257.0,2
28258.0,3
28259.0,25
28260.0,14
28261.0,17
28262.0,14
28263.0,15
28264.0,18
28265.0,31
28266.0,8
28267.0,30
28268.0,16
28269.0,19
28270.0,25
28271.0,21
28272.0,14
28273.0,16
28274.0,208
28275.0,17
28276.0,7
28277.0,4
28278.0,7
28279.0,11
28280.0,22
28281.0,8
28282.0,21
28283.0,20
28284.0,7
28285.0,16
28286.0,8
28287.0,6
28288.0,6
28289.0,9
28290.0,15
28291.0,16
28292.0,4
28293.0,5
28294.0,7
28295.0,14
28296.0,6
28297.0,7
28298.0,5
28299.0,9
28300.0,12
28301.0,21
28302.0,27
28303.0,16
28304.0,10
28305.0,7
28306.0,9
28307.0,7
28308.0,6
28309.0,15
28310.0,24
28311.0,20
28312.0,4
28313.0,8
28314.0,8
28315.0,12
28316.0,14
28317.0,12
28318.0,7
28319.0,23
28320.0,15
28321.0,8
28322.0,6
28323.0,6
28324.0,13
28325.0,9
28326.0,17
28327.0,8
28328.0,10
28329.0,3
28330.0,8
28331.0,19
28332.0,15
28333.0,11
28334.0,16
28335.0,11
28336.0,8
28337.0,27
28338.0,15
28339.0,8
28340.0,28
28341.0,19
28342.0,12
28343.0,12
28344.0,11
28345.0,22
28346.0,13
28347.0,9
28348.0,10
28349.0,6
28350.0,25
28351.0,20
28352.0,5
28353.0,13
28354.0,8
28355.0,11
28356.0,22
28357.0,13
28358.0,9
28359.0,13
28360.0,25
28361.0,13
28362.0,10
28363.0,14
28364.0,15
28365.0,14
28366.0,14
28367.0,7
28368.0,14
28369.0,18
28370.0,15
28371.0,13
28372.0,22
28373.0,12
28374.0,21
28375.0,12
28376.0,12
28377.0,15
28378.0,11
28379.0,8
28380.0,29
28381.0,20
28382.0,29
28383.0,9
28384.0,10
28385.0,14
28386.0,13
28387.0,3
28388.0,7
28389.0,8
28390.0,14
28391.0,15
28392.0,14
28393.0,3
28394.0,12
28395.0,10
28396.0,5
28397.0,1
28398.0,8
28399.0,14
28400.0,19
28401.0,11
28402.0,6
28403.0,14
28404.0,18
28405.0,16
28406.0,15
28407.0,26
28408.0,16
28409.0,26
28410.0,12
28411.0,19
28412.0,10
28413.0,8
28414.0,13
28415.0,5
28416.0,15
28417.0,5
28418.0,9
28419.0,13
28420.0,9
28421.0,22
28422.0,26
28423.0,33
28424.0,8
28425.0,19
28426.0,13
28427.0,1
28428.0,3
28429.0,31
28430.0,28
28431.0,17
28432.0,9
28433.0,9
28434.0,24
28435.0,28
28436.0,27
28437.0,25
28438.0,7
28439.0,13
28440.0,27
28441.0,9
28442.0,14
28443.0,10
28444.0,19
28445.0,12
28446.0,17
28447.0,15
28448.0,9
28449.0,4
28450.0,23
28451.0,18
28452.0,13
28454.0,7
28455.0,9
28456.0,8
28457.0,10
28458.0,9
28459.0,12
28460.0,12
28461.0,11
28462.0,31
28463.0,19
28464.0,6
28465.0,8
28466.0,15
28467.0,17
28468.0,21
28469.0,12
28470.0,20
28471.0,11
28472.0,4
28473.0,6
28474.0,10
28475.0,9
28476.0,12
28477.0,8
28478.0,9
28479.0,2
28480.0,12
28481.0,7
28482.0,7
28483.0,7
28484.0,5
28485.0,8
28486.0,10
28487.0,4
28488.0,5
28489.0,7
28490.0,13
28491.0,13
28492.0,23
28493.0,11
28494.0,12
28495.0,25
28496.0,36
28497.0,22
28498.0,18
28499.0,14
28500.0,11
28501.0,14
28502.0,18
28503.0,8
28504.0,17
28505.0,10
28506.0,15
28507.0,4
28508.0,3
28509.0,7
28510.0,18
28511.0,18
28512.0,15
28513.0,8
28514.0,17
28515.0,9
28516.0,15
28517.0,10
28518.0,8
28519.0,3
28520.0,16
28521.0,19
28522.0,9
28523.0,14
28524.0,17
28525.0,15
28526.0,17
28527.0,9
28528.0,11
28529.0,9
28530.0,14
28531.0,25
28532.0,13
28533.0,6
28534.0,19
28535.0,12
28536.0,10
28537.0,12
28538.0,7
28539.0,9
28540.0,8
28541.0,39
28542.0,26
28543.0,39
28544.0,4
28545.0,24
28546.0,15
28547.0,21
28548.0,13
28549.0,25
28550.0,19
28551.0,16
28552.0,12
28553.0,12
28554.0,13
28555.0,19
28556.0,18
28557.0,21
28558.0,6
28559.0,7
28560.0,22
28561.0,3
28562.0,17
28563.0,6
28564.0,18
28565.0,19
28566.0,20
28567.0,11
28568.0,11
28569.0,2
28570.0,12
28571.0,27
28572.0,27
28573.0,6
28574.0,10
28575.0,12
28576.0,6
28577.0,14
28578.0,5
28579.0,16
28580.0,16
28581.0,6
28582.0,30
28583.0,5
28584.0,18
28585.0,10
28586.0,13
28587.0,2
28588.0,7
28589.0,19
28590.0,21
28591.0,7
28592.0,8
28593.0,10
28594.0,7
28595.0,14
28596.0,11
28597.0,21
28598.0,21
28599.0,10
28600.0,21
28601.0,11
28602.0,10
28603.0,13
28604.0,8
28605.0,13
28606.0,6
28607.0,17
28608.0,8
28609.0,12
28610.0,14
28611.0,13
28612.0,11
28613.0,15
28614.0,11
28615.0,10
28616.0,20
28617.0,29
28618.0,14
28619.0,22
28620.0,26
28621.0,28
28622.0,10
28623.0,5
28624.0,12
28625.0,10
28626.0,15
28627.0,8
28628.0,8
28629.0,11
28630.0,36
28631.0,31
28632.0,20
28633.0,16
28634.0,23
28635.0,11
28636.0,7
28637.0,8
28638.0,8
28639.0,20
28640.0,18
28641.0,4
28642.0,10
28643.0,17
28644.0,7
28645.0,23
28646.0,11
28647.0,10
28648.0,12
28649.0,2
28650.0,15
28651.0,18
28652.0,12
28653.0,8
28654.0,7
28655.0,22
28656.0,5
28657.0,7
28658.0,4
28659.0,6
28660.0,11
28661.0,16
28662.0,21
28663.0,6
28664.0,7
28665.0,5
28666.0,10
28667.0,11
28668.0,3
28669.0,10
28670.0,15
28671.0,8
28672.0,4
28673.0,6
28674.0,10
28675.0,17
28676.0,10
28677.0,11
28678.0,3
28679.0,13
28680.0,8
28681.0,16
28682.0,18
28683.0,9
28684.0,5
28685.0,10
28686.0,8
28687.0,22
28688.0,12
28689.0,6
28690.0,14
28691.0,22
28692.0,1
28693.0,8
28694.0,7
28695.0,14
28696.0,6
28697.0,12
28698.0,2
28699.0,22
28700.0,20
28701.0,4
28702.0,22
28703.0,22
28704.0,9
28705.0,21
28706.0,19
28707.0,8
28708.0,3
28709.0,6
28710.0,14
28711.0,18
28712.0,16
28713.0,7
28714.0,11
28715.0,9
28716.0,12
28717.0,15
28718.0,14
28719.0,11
28720.0,8
28721.0,13
28722.0,8
28723.0,12
28724.0,16
28725.0,8
28726.0,9
28727.0,8
28728.0,6
28729.0,11
28730.0,21
28731.0,32
28732.0,11
28733.0,8
28734.0,11
28735.0,15
28736.0,8
28737.0,25
28738.0,2
28739.0,21
28740.0,18
28741.0,8
28742.0,12
28743.0,7
28744.0,7
28745.0,6
28746.0,7
28747.0,10
28748.0,22
28749.0,8
28750.0,7
28751.0,27
28752.0,4
28753.0,15
28754.0,14
28755.0,11
28756.0,8
28757.0,4
28758.0,3
28759.0,21
28760.0,14
28761.0,5
28762.0,11
28763.0,12
28764.0,11
28765.0,23
28766.0,2
28767.0,6
28768.0,3
28769.0,4
28770.0,35
28771.0,33
28772.0,18
28773.0,7
28774.0,11
28775.0,26
28776.0,6
28777.0,20
28778.0,9
28779.0,9
28780.0,35
28781.0,21
28782.0,46
28783.0,21
28784.0,12
28785.0,14
28786.0,10
28787.0,8
28788.0,1
28789.0,15
28790.0,13
28791.0,12
28792.0,9
28793.0,7
28794.0,8
28795.0,23
28796.0,12
28797.0,19
28798.0,15
28799.0,9
28800.0,12
28801.0,20
28802.0,9
28803.0,6
28804.0,12
28805.0,8
28806.0,5
28807.0,20
28808.0,21
28809.0,4
28810.0,30
28811.0,30
28812.0,1
28813.0,12
28814.0,24
28815.0,12
28816.0,18
28817.0,18
28818.0,10
28819.0,35
28820.0,10
28821.0,8
28822.0,20
28823.0,18
28824.0,9
28825.0,14
28826.0,10
28827.0,23
28828.0,13
28829.0,11
28830.0,30
28831.0,13
28832.0,7
28833.0,5
28834.0,12
28835.0,11
28836.0,5
28837.0,5
28838.0,7
28839.0,13
28840.0,31
28841.0,11
28842.0,6
28843.0,15
28844.0,11
28845.0,22
28846.0,15
28847.0,7
28848.0,4
28849.0,5
28850.0,18
28851.0,32
28852.0,9
28853.0,5
28854.0,10
28855.0,13
28856.0,9
28857.0,16
28858.0,5
28859.0,7
28860.0,12
28861.0,8
28862.0,15
28863.0,4
28864.0,12
28865.0,11
28866.0,13
28867.0,18
28868.0,28
28869.0,9
28870.0,19
28871.0,19
28872.0,6
28873.0,4
28874.0,15
28875.0,14
28876.0,31
28877.0,5
28878.0,17
28879.0,7
28880.0,13
28881.0,7
28882.0,17
28883.0,9
28884.0,32
28885.0,43
28886.0,11
28887.0,19
28888.0,13
28889.0,10
28890.0,22
28891.0,16
28892.0,12
28893.0,9
28894.0,10
28895.0,28
28896.0,16
28897.0,9
28898.0,8
28899.0,10
28900.0,22
28901.0,15
28902.0,28
28903.0,12
28904.0,11
28905.0,12
28906.0,11
28907.0,8
28908.0,5
28909.0,8
28910.0,11
28911.0,17
28912.0,7
28913.0,7
28914.0,9
28915.0,22
28916.0,16
28917.0,8
28918.0,11
28919.0,7
28920.0,18
28921.0,15
28922.0,8
28923.0,18
28924.0,3
28925.0,10
28926.0,12
28927.0,11
28928.0,3
28929.0,4
28930.0,22
28931.0,24
28932.0,36
28933.0,24
28934.0,19
28935.0,20
28936.0,16
28937.0,11
28938.0,12
28939.0,13
28940.0,25
28941.0,5
28942.0,27
28943.0,20
28944.0,12
28945.0,28
28946.0,14
28947.0,16
28948.0,4
28949.0,22
28950.0,21
28951.0,28
28952.0,21
28953.0,19
28954.0,30
28955.0,15
28956.0,8
28957.0,27
28958.0,33
28959.0,7
28960.0,21
28961.0,16
28962.0,15
28963.0,7
28964.0,19
28965.0,9
28966.0,17
28967.0,13
28968.0,12
28969.0,12
28970.0,23
28971.0,22
28972.0,17
28973.0,9
28974.0,12
28975.0,24
28976.0,6
28977.0,10
28978.0,25
28979.0,7
28980.0,11
28981.0,1
28982.0,9
28983.0,13
28984.0,4
28985.0,5
28986.0,11
28987.0,6
28988.0,3
28989.0,6
28990.0,28
28991.0,29
28992.0,1
28993.0,11
28994.0,15
28995.0,14
28996.0,19
28997.0,4
28998.0,14
28999.0,17
29000.0,13
29001.0,11
29002.0,26
29003.0,14
29004.0,10
29005.0,13
29006.0,24
29007.0,10
29008.0,5
29009.0,7
29010.0,17
29011.0,7
29012.0,5
29013.0,7
29014.0,8
29015.0,14
29016.0,8
29017.0,3
29018.0,6
29019.0,4
29020.0,6
29021.0,35
29022.0,7
29023.0,84
29024.0,16
29025.0,9
29026.0,12
29027.0,7
29029.0,6
29030.0,14
29031.0,14
29032.0,3
29033.0,2
29034.0,11
29035.0,12
29036.0,11
29037.0,7
29038.0,6
29039.0,12
29040.0,6
29041.0,4
29042.0,4
29043.0,9
29044.0,12
29045.0,4
29046.0,14
29047.0,3
29048.0,3
29049.0,6
29050.0,19
29051.0,30
29052.0,18
29053.0,1
29054.0,21
29055.0,17
29056.0,8
29057.0,11
29058.0,20
29059.0,19
29060.0,29
29061.0,13
29062.0,17
29063.0,12
29064.0,6
29065.0,23
29066.0,18
29067.0,14
29068.0,9
29069.0,12
29070.0,24
29071.0,16
29072.0,7
29073.0,14
29074.0,18
29075.0,11
29076.0,12
29077.0,2
29078.0,16
29079.0,8
29080.0,18
29081.0,7
29082.0,4
29083.0,2
29084.0,4
29085.0,9
29086.0,10
29087.0,7
29088.0,9
29089.0,3
29090.0,13
29091.0,10
29092.0,3
29093.0,14
29094.0,3
29095.0,17
29096.0,17
29097.0,15
29098.0,8
29099.0,6
29100.0,21
29101.0,14
29102.0,8
29103.0,7
29104.0,13
29105.0,31
29106.0,20
29107.0,47
29108.0,31
29109.0,4
29110.0,34
29111.0,29
29112.0,35
29113.0,38
29114.0,16
29115.0,22
29116.0,26
29117.0,25
29118.0,11
29119.0,15
29120.0,16
29121.0,16
29122.0,17
29123.0,38
29124.0,13
29125.0,34
29126.0,14
29127.0,17
29128.0,26
29129.0,37
29130.0,68
29131.0,38
29132.0,20
29133.0,20
29134.0,16
29135.0,16
29136.0,25
29137.0,20
29138.0,12
29139.0,12
29140.0,11
29141.0,21
29142.0,20
29143.0,40
29144.0,59
29145.0,23
29146.0,35
29147.0,21
29148.0,16
29149.0,16
29150.0,31
29151.0,17
29152.0,22
29153.0,9
29154.0,16
29155.0,24
29156.0,20
29157.0,18
29158.0,13
29159.0,6
29160.0,15
29161.0,10
29162.0,14
29163.0,11
29164.0,7
29165.0,7
29166.0,5
29167.0,8
29168.0,1
29169.0,4
29170.0,15
29171.0,28
29172.0,5
29173.0,8
29174.0,9
29175.0,14
29176.0,10
29177.0,5
29178.0,14
29179.0,6
29180.0,18
29181.0,4
29182.0,19
29183.0,12
29184.0,8
29185.0,19
29186.0,8
29187.0,7
29188.0,1
29189.0,2
29190.0,21
29191.0,19
29192.0,8
29193.0,8
29194.0,11
29195.0,9
29196.0,7
29197.0,10
29198.0,8
29199.0,2
29200.0,14
29201.0,4
29202.0,9
29203.0,3
29204.0,5
29205.0,11
29206.0,10
29207.0,8
29208.0,3
29209.0,3
29210.0,12
29211.0,7
29212.0,8
29213.0,2
29214.0,10
29215.0,16
29216.0,10
29217.0,6
29218.0,11
29219.0,10
29220.0,19
29221.0,2
29222.0,7
29223.0,12
29224.0,3
29225.0,14
29226.0,18
29227.0,3
29228.0,12
29229.0,6
29230.0,17
29231.0,14
29232.0,13
29233.0,17
29234.0,12
29235.0,21
29236.0,3
29237.0,8
29238.0,11
29239.0,16
29240.0,17
29241.0,7
29242.0,13
29243.0,4
29244.0,24
29245.0,22
29246.0,15
29247.0,16
29248.0,6
29249.0,12
29250.0,26
29251.0,9
29252.0,7
29253.0,2
29254.0,14
29255.0,19
29256.0,7
29257.0,8
29258.0,16
29259.0,14
29260.0,18
29261.0,20
29262.0,38
29263.0,21
29264.0,5
29265.0,7
29266.0,12
29267.0,6
29268.0,6
29269.0,1
29270.0,19
29271.0,12
29272.0,9
29273.0,5
29274.0,10
29275.0,16
29276.0,18
29277.0,10
29278.0,8
29279.0,9
29280.0,24
29281.0,17
29282.0,17
29283.0,12
29284.0,8
29285.0,9
29286.0,7
29287.0,13
29288.0,8
29289.0,10
29290.0,25
29291.0,30
29292.0,15
29293.0,8
29294.0,17
29295.0,31
29296.0,11
29297.0,16
29298.0,23
29299.0,19
29300.0,27
29301.0,9
29302.0,24
29303.0,23
29304.0,13
29305.0,25
29306.0,20
29307.0,7
29308.0,18
29309.0,9
29310.0,15
29311.0,7
29312.0,8
29313.0,18
29314.0,28
29315.0,21
29316.0,18
29317.0,8
29318.0,12
29319.0,6
29320.0,12
29321.0,16
29322.0,13
29323.0,12
29324.0,5
29325.0,15
29326.0,17
29327.0,8
29328.0,6
29329.0,6
29330.0,15
29331.0,10
29332.0,3
29333.0,6
29334.0,13
29335.0,11
29336.0,19
29337.0,6
29338.0,9
29339.0,7
29340.0,13
29341.0,5
29342.0,9
29343.0,7
29344.0,8
29345.0,9
29346.0,9
29347.0,8
29348.0,5
29349.0,10
29350.0,24
29351.0,15
29352.0,24
29353.0,38
29354.0,51
29355.0,72
29356.0,28
29357.0,53
29358.0,16
29359.0,58
29360.0,55
29361.0,54
29362.0,15
29363.0,9
29364.0,20
29365.0,16
29366.0,19
29367.0,4
29368.0,3
29369.0,6
29370.0,21
29371.0,7
29372.0,10
29373.0,11
29374.0,9
29375.0,13
29376.0,5
29377.0,9
29378.0,11
29379.0,1
29380.0,11
29381.0,15
29382.0,24
29383.0,11
29384.0,6
29385.0,10
29386.0,14
29387.0,14
29388.0,3
29389.0,11
29390.0,20
29391.0,9
29392.0,1
29393.0,4
29394.0,14
29395.0,13
29396.0,14
29397.0,9
29398.0,5
29399.0,4
29400.0,17
29401.0,6
29402.0,24
29403.0,14
29404.0,16
29405.0,13
29406.0,16
29407.0,14
29408.0,8
29409.0,8
29410.0,27
29411.0,19
29412.0,24
29413.0,9
29414.0,11
29415.0,13
29416.0,9
29417.0,9
29418.0,24
29419.0,14
29420.0,24
29421.0,29
29422.0,22
29423.0,25
29424.0,14
29425.0,23
29426.0,20
29427.0,6
29428.0,12
29429.0,3
29430.0,20
29431.0,10
29432.0,4
29433.0,6
29434.0,22
29435.0,17
29436.0,9
29437.0,12
29438.0,21
29439.0,10
29440.0,14
29441.0,7
29442.0,8
29443.0,4
29444.0,8
29445.0,9
29446.0,11
29447.0,6
29448.0,2
29449.0,13
29450.0,18
29451.0,21
29452.0,9
29453.0,6
29454.0,9
29455.0,27
29456.0,13
29457.0,14
29458.0,7
29459.0,20
29460.0,17
29461.0,10
29462.0,13
29463.0,12
29464.0,2
29465.0,10
29466.0,5
29467.0,4
29468.0,1
29469.0,5
29470.0,17
29471.0,32
29472.0,16
29473.0,12
29474.0,27
29475.0,17
29476.0,12
29477.0,9
29478.0,11
29479.0,16
29480.0,19
29481.0,2
29482.0,19
29483.0,16
29484.0,16
29485.0,32
29486.0,11
29487.0,6
29488.0,10
29489.0,16
29490.0,15
29491.0,11
29492.0,15
29493.0,16
29494.0,10
29495.0,9
29496.0,8
29497.0,11
29498.0,11
29499.0,10
29500.0,14
29501.0,20
29502.0,29
29503.0,6
29504.0,9
29505.0,10
29506.0,10
29507.0,11
29508.0,9
29509.0,7
29510.0,29
29511.0,13
29512.0,2
29513.0,7
29514.0,16
29515.0,16
29516.0,23
29517.0,9
29518.0,13
29519.0,14
29520.0,8
29521.0,2
29522.0,12
29523.0,12
29524.0,5
29525.0,6
29526.0,11
29527.0,2
29528.0,7
29529.0,3
29530.0,17
29531.0,11
29532.0,5
29533.0,7
29534.0,12
29535.0,15
29536.0,16
29537.0,10
29538.0,15
29539.0,19
29540.0,17
29541.0,11
29542.0,15
29543.0,14
29544.0,9
29545.0,11
29546.0,13
29547.0,2
29548.0,6
29549.0,3
29550.0,14
29551.0,8
29552.0,5
29553.0,7
29554.0,11
29555.0,5
29556.0,3
29557.0,3
29558.0,11
29559.0,6
29560.0,11
29561.0,16
29562.0,24
29563.0,22
29564.0,14
29565.0,6
29566.0,9
29567.0,5
29568.0,11
29569.0,17
29570.0,26
29571.0,20
29572.0,8
29573.0,4
29574.0,8
29575.0,14
29576.0,11
29577.0,4
29578.0,15
29579.0,8
29580.0,19
29581.0,25
29582.0,15
29583.0,5
29584.0,9
29585.0,9
29586.0,9
29587.0,12
29588.0,14
29589.0,5
29590.0,21
29591.0,12
29592.0,23
29593.0,18
29594.0,16
29595.0,19
29596.0,25
29597.0,8
29598.0,3
29599.0,24
29600.0,30
29601.0,19
29602.0,15
29603.0,19
29604.0,14
29605.0,47
29606.0,19
29607.0,8
29608.0,10
29609.0,18
29610.0,22
29611.0,21
29612.0,3
29613.0,9
29614.0,8
29615.0,9
29616.0,9
29617.0,14
29618.0,10
29619.0,13
29620.0,22
29621.0,17
29622.0,27
29623.0,11
29624.0,7
29625.0,13
29626.0,10
29627.0,7
29628.0,15
29629.0,16
29630.0,21
29631.0,15
29632.0,9
29633.0,11
29634.0,8
29635.0,26
29636.0,10
29637.0,13
29638.0,17
29639.0,7
29640.0,30
29641.0,6
29642.0,16
29643.0,18
29644.0,5
29645.0,21
29646.0,15
29647.0,13
29648.0,9
29649.0,5
29650.0,29
29651.0,18
29652.0,12
29653.0,10
29654.0,23
29655.0,34
29656.0,9
29657.0,15
29658.0,19
29659.0,19
29660.0,16
29661.0,28
29662.0,28
29663.0,22
29664.0,10
29665.0,30
29666.0,19
29667.0,15
29668.0,14
29669.0,6
29670.0,23
29671.0,33
29672.0,7
29673.0,7
29674.0,17
29675.0,14
29676.0,13
29677.0,10
29678.0,9
29679.0,14
29680.0,18
29681.0,9
29682.0,3
29683.0,16
29684.0,5
29685.0,8
29686.0,12
29687.0,6
29688.0,13
29689.0,2
29690.0,15
29691.0,15
29692.0,6
29693.0,5
29694.0,12
29695.0,14
29696.0,14
29697.0,10
29698.0,9
29699.0,9
29700.0,16
29701.0,11
29702.0,5
29703.0,11
29704.0,7
29705.0,12
29706.0,3
29707.0,14
29708.0,3
29709.0,7
29710.0,22
29711.0,23
29713.0,3
29714.0,9
29715.0,20
29716.0,9
29717.0,7
29718.0,21
29719.0,12
29720.0,17
29721.0,13
29722.0,22
29723.0,25
29724.0,13
29725.0,20
29726.0,13
29727.0,11
29728.0,10
29729.0,6
29730.0,12
29731.0,15
29732.0,15
29733.0,8
29734.0,8
29735.0,8
29736.0,13
29737.0,9
29738.0,5
29739.0,5
29740.0,23
29741.0,13
29742.0,29
29743.0,4
29744.0,6
29745.0,9
29746.0,3
29747.0,5
29748.0,7
29749.0,4
29750.0,11
29751.0,14
29752.0,10
29753.0,4
29754.0,17
29755.0,24
29756.0,19
29757.0,11
29758.0,14
29759.0,9
29760.0,50
29761.0,12
29762.0,14
29763.0,16
29764.0,30
29765.0,14
29766.0,7
29767.0,4
29768.0,15
29769.0,6
29770.0,27
29771.0,20
29772.0,15
29773.0,12
29774.0,10
29775.0,12
29776.0,8
29777.0,24
29778.0,13
29779.0,22
29780.0,19
29781.0,23
29782.0,16
29783.0,11
29784.0,15
29785.0,17
29786.0,8
29787.0,6
29788.0,8
29789.0,3
29790.0,19
29791.0,5
29792.0,6
29793.0,5
29794.0,9
29795.0,9
29796.0,13
29797.0,9
29798.0,20
29799.0,11
29800.0,12
29801.0,14
29802.0,5
29803.0,2
29804.0,9
29805.0,7
29806.0,7
29807.0,8
29808.0,4
29809.0,7
29810.0,15
29811.0,8
29812.0,6
29813.0,6
29814.0,6
29815.0,11
29816.0,13
29817.0,16
29818.0,9
29819.0,8
29820.0,15
29821.0,9
29822.0,10
29823.0,20
29824.0,19
29825.0,14
29826.0,12
29827.0,11
29828.0,23
29829.0,11
29830.0,21
29831.0,18
29832.0,17
29833.0,7
29834.0,16
29835.0,24
29836.0,10
29837.0,16
29838.0,13
29839.0,16
29840.0,34
29841.0,17
29842.0,21
29843.0,25
29844.0,21
29845.0,21
29846.0,24
29847.0,33
29848.0,24
29849.0,25
29850.0,29
29851.0,12
29852.0,18
29853.0,8
29854.0,13
29855.0,11
29856.0,14
29857.0,4
29858.0,12
29859.0,6
29860.0,23
29861.0,17
29862.0,57
29863.0,5
29864.0,10
29865.0,15
29866.0,13
29867.0,25
29868.0,13
29869.0,9
29870.0,21
29871.0,4
29872.0,14
29873.0,17
29874.0,22
29875.0,14
29876.0,16
29877.0,10
29878.0,14
29879.0,6
29880.0,21
29881.0,7
29882.0,9
29883.0,15
29884.0,17
29885.0,8
29886.0,9
29887.0,1
29888.0,10
29890.0,17
29891.0,17
29892.0,4
29893.0,6
29894.0,8
29895.0,11
29896.0,10
29897.0,13
29898.0,14
29899.0,12
29900.0,16
29901.0,11
29902.0,19
29903.0,11
29904.0,8
29905.0,11
29906.0,5
29907.0,7
29908.0,5
29909.0,6
29910.0,20
29911.0,16
29912.0,12
29913.0,10
29914.0,11
29915.0,21
29916.0,6
29917.0,8
29918.0,8
29919.0,3
29920.0,13
29921.0,8
29922.0,3
29923.0,3
29924.0,16
29925.0,3
29926.0,9
29927.0,13
29928.0,9
29929.0,9
29930.0,23
29931.0,13
29932.0,15
29933.0,16
29934.0,22
29935.0,17
29936.0,12
29937.0,6
29938.0,13
29939.0,13
29940.0,16
29941.0,10
29942.0,11
29943.0,13
29944.0,5
29945.0,10
29946.0,33
29947.0,8
29948.0,8
29949.0,5
29950.0,21
29951.0,22
29952.0,17
29953.0,14
29954.0,18
29955.0,24
29956.0,13
29957.0,10
29958.0,3
29959.0,8
29960.0,18
29961.0,12
29962.0,11
29963.0,20
29964.0,3
29965.0,17
29966.0,13
29967.0,5
29968.0,11
29969.0,10
29970.0,21
29971.0,10
29972.0,6
29973.0,10
29974.0,13
29975.0,11
29976.0,5
29977.0,25
29978.0,8
29979.0,8
29980.0,11
29981.0,22
29982.0,25
29983.0,16
29984.0,7
29985.0,7
29986.0,6
29987.0,13
29988.0,3
29989.0,20
29990.0,27
29991.0,13
29992.0,6
29993.0,8
29994.0,7
29995.0,16
29996.0,15
29997.0,7
29998.0,6
29999.0,12
30000.0,15
30001.0,16
30002.0,19
30003.0,21
30004.0,10
30005.0,11
30006.0,12
30007.0,17
30008.0,7
30009.0,17
30010.0,27
30011.0,37
30012.0,19
30013.0,18
30014.0,11
30015.0,34
30016.0,9
30017.0,20
30018.0,30
30019.0,15
30020.0,27
30021.0,10
30022.0,24
30023.0,13
30024.0,31
30025.0,31
30026.0,18
30027.0,8
30028.0,11
30029.0,6
30030.0,14
30031.0,11
30032.0,8
30033.0,18
30034.0,7
30035.0,14
30036.0,13
30037.0,4
30038.0,10
30039.0,9
30040.0,12
30041.0,8
30042.0,7
30043.0,3
30044.0,4
30045.0,5
30046.0,3
30047.0,8
30048.0,5
30049.0,6
30050.0,12
30051.0,10
30052.0,2
30053.0,3
30054.0,11
30055.0,14
30056.0,19
30057.0,7
30058.0,31
30059.0,12
30060.0,30
30061.0,11
30062.0,8
30063.0,15
30064.0,24
30065.0,6
30066.0,5
30067.0,11
30068.0,4
30069.0,11
30070.0,18
30071.0,21
30072.0,7
30073.0,2
30074.0,10
30075.0,34
30076.0,14
30077.0,5
30078.0,20
30079.0,8
30080.0,19
30081.0,8
30082.0,9
30083.0,28
30084.0,5
30085.0,17
30086.0,12
30087.0,7
30088.0,22
30089.0,19
30090.0,18
30091.0,10
30092.0,7
30093.0,8
30094.0,5
30095.0,18
30096.0,10
30097.0,8
30098.0,14
30099.0,20
30100.0,19
30101.0,18
30102.0,19
30103.0,6
30104.0,11
30105.0,10
30106.0,16
30107.0,14
30108.0,13
30109.0,7
30110.0,11
30111.0,8
30112.0,5
30113.0,3
30114.0,15
30115.0,20
30116.0,17
30117.0,18
30118.0,7
30119.0,8
30120.0,22
30121.0,13
30122.0,14
30123.0,6
30124.0,8
30125.0,16
30126.0,14
30127.0,17
30128.0,14
30129.0,17
30130.0,20
30131.0,22
30132.0,5
30133.0,4
30134.0,28
30135.0,16
30136.0,9
30137.0,6
30138.0,27
30139.0,18
30140.0,16
30141.0,16
30142.0,13
30143.0,11
30144.0,5
30145.0,11
30146.0,8
30147.0,6
30148.0,9
30149.0,4
30150.0,34
30151.0,12
30152.0,6
30153.0,5
30154.0,16
30155.0,14
30156.0,15
30157.0,5
30158.0,4
30159.0,14
30160.0,11
30161.0,9
30162.0,2
30163.0,4
30164.0,11
30165.0,8
30166.0,7
30167.0,8
30168.0,7
30169.0,2
30170.0,13
30171.0,6
30172.0,6
30173.0,2
30174.0,7
30175.0,17
30176.0,17
30177.0,6
30178.0,6
30179.0,10
30180.0,21
30181.0,9
30182.0,12
30183.0,8
30184.0,10
30185.0,10
30186.0,14
30187.0,11
30188.0,11
30189.0,13
30190.0,31
30191.0,27
30192.0,16
30193.0,16
30194.0,18
30195.0,28
30196.0,15
30197.0,3
30198.0,6
30199.0,23
30200.0,15
30201.0,19
30202.0,20
30203.0,18
30204.0,9
30205.0,23
30206.0,24
30207.0,25
30208.0,11
30209.0,18
30210.0,20
30211.0,13
30212.0,27
30213.0,7
30214.0,7
30215.0,14
30216.0,9
30217.0,1
30218.0,5
30219.0,7
30220.0,39
30221.0,25
30222.0,55
30223.0,13
30224.0,7
30225.0,6
30226.0,7
30227.0,3
30228.0,7
30229.0,5
30230.0,9
30231.0,9
30232.0,4
30233.0,7
30234.0,6
30235.0,19
30236.0,13
30237.0,8
30238.0,5
30239.0,13
30240.0,14
30241.0,9
30242.0,8
30243.0,4
30244.0,14
30245.0,11
30246.0,7
30247.0,6
30248.0,22
30249.0,3
30250.0,32
30251.0,25
30252.0,23
30253.0,3
30254.0,16
30255.0,32
30256.0,15
30257.0,30
30258.0,25
30259.0,23
30260.0,36
30261.0,7
30262.0,12
30263.0,19
30264.0,9
30265.0,25
30266.0,6
30267.0,12
30268.0,4
30269.0,14
30270.0,19
30271.0,33
30272.0,2
30273.0,2
30274.0,8
30275.0,14
30276.0,13
30277.0,4
30278.0,11
30279.0,7
30280.0,9
30281.0,11
30282.0,23
30283.0,13
30284.0,9
30285.0,16
30286.0,26
30287.0,24
30288.0,11
30289.0,5
30290.0,19
30291.0,19
30292.0,21
30293.0,17
30294.0,18
30295.0,17
30296.0,24
30297.0,10
30298.0,12
30299.0,9
30300.0,14
30301.0,15
30302.0,6
30303.0,15
30304.0,17
30305.0,17
30306.0,12
30307.0,18
30308.0,13
30309.0,10
30310.0,32
30311.0,24
30312.0,14
30314.0,17
30315.0,24
30316.0,8
30317.0,12
30318.0,25
30319.0,13
30320.0,17
30321.0,8
30322.0,10
30323.0,22
30324.0,14
30325.0,28
30326.0,26
30327.0,18
30328.0,9
30329.0,14
30330.0,19
30331.0,16
30332.0,19
30333.0,4
30334.0,16
30335.0,14
30336.0,3
30337.0,19
30338.0,8
30339.0,12
30340.0,11
30341.0,22
30342.0,25
30343.0,10
30344.0,6
30345.0,8
30346.0,13
30347.0,11
30348.0,28
30349.0,21
30350.0,14
30351.0,13
30352.0,18
30353.0,5
30354.0,18
30355.0,28
30356.0,18
30357.0,8
30358.0,11
30359.0,12
30360.0,26
30361.0,22
30362.0,11
30363.0,12
30364.0,11
30365.0,31
30366.0,22
30367.0,10
30368.0,15
30369.0,12
30370.0,39
30371.0,23
30372.0,16
30373.0,17
30374.0,29
30375.0,21
30376.0,1
30377.0,9
30378.0,47
30379.0,21
30380.0,32
30381.0,14
30382.0,25
30383.0,28
30384.0,9
30385.0,31
30386.0,7
30387.0,14
30388.0,4
30389.0,3
30390.0,23
30391.0,21
30392.0,13
30393.0,26
30394.0,15
30395.0,18
30396.0,6
30397.0,7
30398.0,8
30399.0,13
30400.0,15
30401.0,8
30402.0,6
30403.0,4
30404.0,6
30405.0,10
30406.0,10
30407.0,11
30408.0,5
30409.0,4
30410.0,14
30411.0,9
30412.0,5
30413.0,3
30414.0,6
30415.0,30
30416.0,9
30417.0,9
30418.0,7
30419.0,5
30420.0,13
30421.0,21
30422.0,11
30423.0,2
30424.0,10
30425.0,7
30426.0,7
30427.0,3
30428.0,9
30429.0,4
30430.0,19
30431.0,10
30432.0,12
30433.0,4
30434.0,9
30435.0,25
30436.0,15
30437.0,3
30438.0,6
30439.0,13
30440.0,15
30441.0,8
30442.0,17
30443.0,13
30444.0,9
30445.0,18
30446.0,14
30447.0,2
30448.0,9
30449.0,9
30450.0,21
30451.0,7
30452.0,8
30453.0,4
30454.0,10
30455.0,16
30456.0,39
30457.0,47
30458.0,8
30459.0,9
30460.0,20
30461.0,17
30462.0,25
30463.0,17
30464.0,1
30465.0,7
30466.0,10
30467.0,8
30468.0,12
30469.0,13
30470.0,25
30471.0,8
30472.0,4
30473.0,12
30474.0,18
30475.0,19
30476.0,18
30477.0,24
30478.0,21
30479.0,62
30480.0,25
30481.0,16
30482.0,12
30483.0,11
30484.0,9
30485.0,12
30486.0,6
30487.0,9
30488.0,2
30489.0,6
30490.0,33
30491.0,41
30492.0,33
30493.0,61
30494.0,16
30495.0,22
30496.0,19
30497.0,16
30498.0,18
30499.0,18
30500.0,12
30501.0,10
30502.0,16
30503.0,10
30504.0,11
30505.0,9
30506.0,25
30507.0,15
30508.0,16
30509.0,10
30510.0,17
30511.0,12
30512.0,11
30513.0,4
30514.0,11
30515.0,14
30516.0,9
30517.0,1
30518.0,12
30519.0,8
30520.0,11
30521.0,29
30522.0,11
30523.0,20
30524.0,7
30525.0,11
30526.0,22
30527.0,5
30528.0,12
30529.0,6
30530.0,15
30531.0,14
30532.0,10
30533.0,7
30534.0,16
30535.0,21
30536.0,12
30537.0,9
30538.0,21
30539.0,12
30540.0,14
30541.0,11
30542.0,22
30543.0,11
30544.0,16
30545.0,12
30546.0,12
30547.0,12
30548.0,6
30549.0,6
30550.0,31
30551.0,26
30552.0,39
30553.0,36
30554.0,19
30555.0,27
30556.0,39
30557.0,28
30558.0,22
30559.0,16
30560.0,20
30561.0,12
30562.0,19
30563.0,26
30564.0,27
30565.0,19
30566.0,32
30567.0,17
30568.0,8
30569.0,14
30570.0,19
30571.0,17
30572.0,15
30573.0,6
30574.0,17
30575.0,28
30576.0,16
30577.0,11
30578.0,16
30579.0,11
30580.0,27
30581.0,26
30582.0,49
30583.0,9
30584.0,8
30585.0,19
30586.0,12
30587.0,12
30588.0,9
30589.0,13
30590.0,24
30591.0,9
30592.0,12
30593.0,14
30594.0,18
30595.0,21
30596.0,16
30597.0,15
30598.0,18
30599.0,26
30600.0,10
30601.0,11
30602.0,14
30603.0,17
30604.0,15
30605.0,10
30606.0,7
30607.0,8
30608.0,2
30609.0,4
30610.0,27
30611.0,23
30612.0,7
30613.0,7
30614.0,15
30615.0,12
30616.0,9
30617.0,12
30618.0,17
30619.0,14
30620.0,17
30621.0,6
30622.0,19
30623.0,17
30624.0,5
30625.0,21
30626.0,16
30627.0,6
30628.0,3
30629.0,5
30630.0,16
30631.0,13
30632.0,16
30633.0,3
30634.0,17
30635.0,14
30636.0,7
30637.0,8
30638.0,10
30639.0,6
30640.0,14
30641.0,16
30642.0,13
30643.0,6
30644.0,10
30645.0,19
30646.0,8
30647.0,12
30648.0,7
30649.0,4
30650.0,17
30651.0,8
30652.0,6
30653.0,19
30654.0,22
30655.0,20
30656.0,19
30657.0,21
30658.0,9
30659.0,9
30660.0,17
30661.0,6
30662.0,12
30663.0,9
30664.0,12
30665.0,17
30666.0,10
30667.0,6
30668.0,9
30669.0,13
30670.0,20
30671.0,24
30672.0,4
30673.0,18
30674.0,22
30675.0,20
30676.0,9
30677.0,7
30678.0,12
30679.0,11
30680.0,21
30681.0,7
30682.0,15
30683.0,15
30684.0,7
30685.0,18
30686.0,9
30687.0,4
30688.0,7
30689.0,7
30690.0,21
30691.0,13
30692.0,5
30693.0,4
30694.0,12
30695.0,12
30696.0,14
30697.0,7
30698.0,10
30699.0,7
30700.0,13
30701.0,24
30702.0,24
30703.0,7
30704.0,5
30705.0,7
30706.0,7
30707.0,5
30708.0,4
30709.0,3
30710.0,18
30711.0,11
30712.0,11
30713.0,4
30714.0,19
30715.0,25
30716.0,12
30717.0,17
30718.0,19
30719.0,12
30720.0,13
30721.0,9
30722.0,16
30723.0,10
30724.0,17
30725.0,13
30726.0,14
30727.0,12
30728.0,12
30729.0,18
30730.0,27
30731.0,27
30732.0,9
30733.0,18
30734.0,21
30735.0,24
30736.0,24
30737.0,13
30738.0,18
30739.0,31
30740.0,13
30741.0,5
30742.0,30
30743.0,24
30744.0,7
30745.0,23
30746.0,15
30747.0,4
30748.0,9
30749.0,15
30750.0,17
30751.0,13
30752.0,7
30753.0,18
30754.0,12
30755.0,29
30756.0,15
30757.0,1
30758.0,9
30759.0,7
30760.0,18
30761.0,11
30762.0,10
30763.0,12
30764.0,8
30765.0,15
30766.0,16
30767.0,11
30768.0,4
30769.0,4
30770.0,12
30771.0,11
30772.0,3
30773.0,11
30774.0,16
30775.0,19
30776.0,9
30777.0,7
30778.0,11
30779.0,10
30780.0,14
30781.0,5
30782.0,9
30783.0,4
30784.0,7
30785.0,7
30786.0,6
30787.0,6
30788.0,9
30789.0,8
30790.0,22
30791.0,24
30792.0,7
30793.0,59
30794.0,20
30795.0,65
30796.0,67
30797.0,55
30798.0,45
30799.0,59
30800.0,53
30801.0,33
30802.0,18
30803.0,16
30804.0,5
30805.0,15
30806.0,8
30807.0,9
30808.0,8
30809.0,7
30810.0,18
30811.0,8
30812.0,6
30813.0,7
30814.0,14
30815.0,16
30816.0,5
30817.0,10
30818.0,15
30819.0,10
30820.0,16
30821.0,24
30822.0,40
30823.0,10
30824.0,4
30825.0,14
30826.0,15
30827.0,14
30828.0,23
30829.0,6
30830.0,26
30831.0,12
30832.0,8
30833.0,8
30834.0,17
30835.0,26
30836.0,10
30837.0,12
30838.0,11
30839.0,11
30840.0,18
30841.0,21
30842.0,13
30843.0,15
30844.0,9
30845.0,13
30846.0,13
30847.0,13
30848.0,8
30849.0,1
30850.0,24
30851.0,17
30852.0,18
30853.0,8
30854.0,14
30855.0,13
30856.0,6
30857.0,15
30858.0,14
30859.0,21
30860.0,20
30861.0,14
30862.0,24
30863.0,20
30864.0,11
30865.0,10
30866.0,16
30867.0,19
30868.0,8
30869.0,13
30870.0,16
30871.0,16
30872.0,4
30873.0,10
30874.0,9
30875.0,17
30876.0,11
30877.0,2
30878.0,14
30879.0,13
30880.0,25
30881.0,6
30882.0,11
30883.0,7
30884.0,5
30885.0,7
30886.0,14
30887.0,9
30888.0,5
30889.0,20
30890.0,24
30891.0,19
30892.0,9
30893.0,18
30894.0,15
30895.0,23
30896.0,11
30897.0,26
30898.0,11
30899.0,19
30900.0,10
30901.0,22
30902.0,22
30903.0,19
30904.0,10
30905.0,13
30906.0,14
30907.0,20
30908.0,10
30909.0,9
30910.0,31
30911.0,19
30912.0,14
30913.0,18
30914.0,17
30915.0,18
30916.0,7
30917.0,10
30918.0,13
30919.0,8
30920.0,18
30921.0,4
30922.0,7
30923.0,15
30924.0,5
30925.0,18
30926.0,20
30927.0,6
30928.0,5
30929.0,2
30930.0,19
30931.0,10
30932.0,7
30933.0,7
30934.0,4
30935.0,11
30936.0,12
30937.0,5
30938.0,12
30939.0,13
30940.0,14
30941.0,19
30942.0,24
30943.0,8
30944.0,8
30945.0,5
30946.0,11
30947.0,2
30948.0,5
30949.0,15
30950.0,18
30951.0,12
30952.0,15
30953.0,10
30954.0,23
30955.0,24
30956.0,22
30957.0,15
30958.0,8
30959.0,15
30960.0,19
30961.0,10
30962.0,12
30963.0,11
30964.0,13
30965.0,12
30966.0,15
30967.0,2
30968.0,4
30969.0,7
30970.0,20
30971.0,13
30972.0,2
30973.0,19
30974.0,13
30975.0,14
30976.0,18
30977.0,4
30978.0,16
30979.0,15
30980.0,17
30981.0,10
30982.0,19
30983.0,18
30984.0,16
30985.0,19
30986.0,16
30987.0,12
30988.0,7
30989.0,6
30990.0,30
30991.0,13
30992.0,6
30993.0,12
30994.0,11
30995.0,20
30996.0,1
30997.0,10
30998.0,16
30999.0,22
31000.0,22
31001.0,21
31002.0,9
31003.0,16
31004.0,4
31005.0,21
31006.0,23
31007.0,23
31008.0,24
31009.0,13
31010.0,23
31011.0,19
31012.0,16
31013.0,10
31014.0,12
31015.0,25
31016.0,18
31017.0,9
31018.0,15
31019.0,5
31020.0,11
31021.0,18
31022.0,11
31023.0,13
31024.0,16
31025.0,15
31026.0,9
31027.0,5
31028.0,5
31029.0,4
31030.0,27
31031.0,10
31032.0,13
31033.0,6
31034.0,10
31035.0,25
31036.0,12
31037.0,10
31038.0,11
31039.0,8
31040.0,25
31041.0,9
31042.0,15
31043.0,28
31044.0,33
31045.0,20
31046.0,17
31047.0,25
31048.0,21
31049.0,20
31050.0,17
31051.0,9
31052.0,9
31053.0,14
31054.0,4
31055.0,13
31056.0,6
31057.0,15
31058.0,20
31059.0,8
31060.0,30
31061.0,5
31062.0,34
31063.0,16
31064.0,8
31065.0,8
31066.0,10
31067.0,9
31068.0,10
31069.0,5
31070.0,26
31071.0,13
31072.0,10
31073.0,11
31074.0,12
31075.0,22
31076.0,10
31077.0,18
31078.0,27
31079.0,7
31080.0,14
31081.0,13
31082.0,28
31083.0,5
31084.0,21
31085.0,18
31086.0,22
31087.0,12
31088.0,9
31089.0,15
31090.0,31
31091.0,26
31092.0,13
31093.0,22
31094.0,22
31095.0,22
31096.0,11
31097.0,23
31098.0,23
31099.0,12
31100.0,38
31101.0,14
31102.0,14
31103.0,33
31104.0,14
31105.0,23
31106.0,22
31107.0,18
31108.0,5
31109.0,8
31110.0,14
31111.0,10
31112.0,6
31113.0,5
31114.0,21
31115.0,21
31116.0,19
31117.0,8
31118.0,10
31119.0,13
31120.0,11
31121.0,13
31122.0,10
31123.0,10
31124.0,8
31125.0,4
31126.0,18
31127.0,9
31128.0,8
31129.0,3
31130.0,12
31131.0,19
31132.0,6
31133.0,8
31134.0,15
31135.0,18
31136.0,27
31137.0,27
31138.0,9
31139.0,11
31140.0,14
31141.0,9
31142.0,21
31143.0,11
31144.0,11
31145.0,5
31146.0,10
31147.0,11
31148.0,9
31149.0,9
31150.0,31
31151.0,18
31152.0,11
31153.0,6
31154.0,15
31155.0,29
31156.0,12
31157.0,11
31158.0,14
31159.0,22
31160.0,18
31161.0,15
31162.0,18
31163.0,25
31164.0,12
31165.0,16
31166.0,16
31167.0,2
31168.0,9
31169.0,9
31170.0,22
31171.0,13
31172.0,14
31173.0,6
31174.0,13
31175.0,13
31176.0,13
31177.0,8
31178.0,14
31179.0,9
31180.0,29
31181.0,20
31182.0,24
31183.0,8
31184.0,9
31185.0,9
31186.0,11
31187.0,7
31188.0,7
31189.0,14
31190.0,16
31191.0,11
31192.0,11
31193.0,8
31194.0,15
31195.0,21
31196.0,22
31197.0,12
31198.0,12
31199.0,14
31200.0,11
31201.0,14
31202.0,21
31203.0,11
31204.0,12
31205.0,6
31206.0,11
31207.0,29
31208.0,7
31209.0,8
31210.0,28
31211.0,29
31212.0,8
31213.0,5
31214.0,13
31215.0,15
31216.0,7
31217.0,7
31218.0,12
31219.0,17
31220.0,28
31221.0,9
31222.0,13
31223.0,15
31224.0,2
31225.0,30
31226.0,17
31227.0,24
31228.0,5
31229.0,16
31230.0,19
31231.0,18
31232.0,14
31233.0,17
31234.0,10
31235.0,11
31236.0,8
31237.0,7
31238.0,21
31239.0,6
31240.0,13
31241.0,7
31242.0,21
31243.0,10
31244.0,7
31245.0,8
31246.0,15
31247.0,6
31248.0,2
31249.0,6
31250.0,23
31251.0,27
31252.0,12
31253.0,4
31254.0,12
31255.0,30
31256.0,19
31257.0,19
31258.0,13
31259.0,10
31260.0,19
31261.0,6
31262.0,15
31263.0,14
31264.0,6
31265.0,22
31266.0,12
31267.0,13
31268.0,25
31269.0,20
31270.0,35
31271.0,23
31272.0,11
31273.0,10
31274.0,7
31275.0,18
31276.0,6
31277.0,10
31278.0,9
31279.0,14
31280.0,25
31281.0,17
31282.0,14
31283.0,17
31284.0,11
31285.0,22
31286.0,17
31287.0,20
31288.0,22
31289.0,19
31290.0,18
31291.0,17
31292.0,6
31293.0,7
31294.0,11
31295.0,7
31296.0,5
31297.0,9
31298.0,10
31299.0,16
31300.0,20
31301.0,6
31302.0,58
31303.0,9
31304.0,15
31305.0,14
31306.0,21
31307.0,10
31308.0,7
31309.0,17
31310.0,16
31311.0,12
31312.0,8
31313.0,12
31314.0,20
31315.0,23
31316.0,33
31317.0,24
31318.0,7
31319.0,9
31320.0,5
31321.0,6
31322.0,3
31323.0,3
31324.0,49
31325.0,20
31326.0,8
31327.0,11
31328.0,11
31329.0,19
31330.0,20
31331.0,21
31332.0,10
31333.0,11
31334.0,22
31335.0,24
31336.0,8
31337.0,12
31338.0,23
31339.0,20
31340.0,20
31341.0,10
31342.0,14
31343.0,8
31344.0,12
31345.0,47
31346.0,8
31347.0,23
31348.0,26
31349.0,3
31350.0,27
31351.0,11
31352.0,8
31353.0,14
31354.0,22
31355.0,51
31356.0,15
31357.0,13
31358.0,32
31359.0,17
31360.0,27
31361.0,19
31362.0,23
31363.0,8
31364.0,1
31365.0,24
31366.0,26
31367.0,17
31368.0,20
31369.0,20
31370.0,13
31371.0,33
31372.0,21
31373.0,20
31374.0,17
31375.0,20
31376.0,17
31377.0,17
31378.0,6
31379.0,16
31380.0,17
31381.0,13
31382.0,19
31383.0,16
31384.0,17
31385.0,8
31386.0,19
31387.0,18
31388.0,16
31389.0,10
31390.0,27
31391.0,29
31392.0,15
31393.0,18
31394.0,14
31395.0,32
31396.0,15
31397.0,26
31398.0,13
31399.0,16
31400.0,34
31401.0,21
31402.0,17
31403.0,13
31404.0,10
31405.0,18
31406.0,8
31407.0,14
31408.0,15
31409.0,10
31410.0,24
31411.0,15
31412.0,8
31413.0,5
31414.0,6
31415.0,5
31416.0,6
31417.0,11
31418.0,14
31419.0,6
31420.0,18
31421.0,22
31422.0,40
31423.0,9
31424.0,20
31425.0,15
31426.0,17
31427.0,18
31428.0,16
31429.0,11
31430.0,24
31431.0,11
31432.0,14
31433.0,27
31434.0,18
31435.0,23
31436.0,14
31437.0,23
31438.0,10
31439.0,6
31440.0,19
31441.0,7
31442.0,20
31443.0,3
31444.0,9
31445.0,20
31446.0,17
31447.0,20
31448.0,22
31449.0,7
31450.0,31
31451.0,15
31452.0,24
31453.0,9
31454.0,11
31455.0,27
31456.0,11
31457.0,18
31458.0,24
31459.0,16
31460.0,33
31461.0,27
31462.0,46
31463.0,24
31464.0,15
31465.0,28
31466.0,45
31467.0,33
31468.0,16
31469.0,15
31470.0,16
31471.0,25
31472.0,16
31473.0,15
31474.0,4
31475.0,17
31476.0,11
31477.0,12
31478.0,35
31479.0,30
31480.0,23
31481.0,10
31482.0,6
31483.0,10
31484.0,12
31485.0,37
31486.0,10
31487.0,28
31488.0,22
31489.0,23
31490.0,13
31491.0,23
31492.0,18
31493.0,22
31494.0,13
31495.0,26
31496.0,8
31497.0,25
31498.0,20
31499.0,9
31500.0,43
31501.0,19
31502.0,20
31503.0,19
31504.0,16
31505.0,25
31506.0,19
31507.0,34
31508.0,19
31509.0,33
31510.0,34
31511.0,35
31512.0,30
31513.0,14
31514.0,21
31515.0,32
31516.0,20
31517.0,18
31518.0,18
31519.0,24
31520.0,42
31521.0,47
31522.0,24
31523.0,37
31524.0,27
31525.0,34
31526.0,27
31527.0,14
31528.0,19
31529.0,23
31530.0,21
31531.0,27
31532.0,25
31533.0,7
31534.0,17
31535.0,18
31536.0,22
31537.0,17
31538.0,16
31539.0,10
31540.0,32
31541.0,21
31542.0,37
31543.0,5
31544.0,6
31545.0,19
31546.0,15
31547.0,13
31548.0,14
31549.0,7
31550.0,15
31551.0,17
31552.0,23
31553.0,15
31554.0,15
31555.0,11
31556.0,14
31557.0,14
31558.0,11
31559.0,9
31560.0,16
31561.0,21
31562.0,12
31563.0,15
31564.0,18
31565.0,12
31566.0,16
31567.0,15
31568.0,9
31569.0,7
31570.0,18
31571.0,20
31572.0,15
31573.0,2
31574.0,16
31575.0,14
31576.0,10
31577.0,17
31578.0,26
31579.0,17
31580.0,21
31581.0,7
31582.0,20
31583.0,18
31584.0,29
31585.0,19
31586.0,15
31587.0,15
31588.0,20
31589.0,13
31590.0,19
31591.0,8
31592.0,10
31593.0,6
31594.0,23
31595.0,22
31596.0,12
31597.0,5
31598.0,25
31599.0,8
31600.0,13
31601.0,14
31602.0,22
31603.0,16
31604.0,20
31605.0,14
31606.0,13
31607.0,16
31608.0,18
31609.0,15
31610.0,30
31611.0,11
31612.0,6
31613.0,13
31614.0,14
31615.0,25
31616.0,16
31617.0,14
31618.0,24
31619.0,25
31620.0,29
31621.0,21
31622.0,13
31623.0,6
31624.0,7
31625.0,13
31626.0,15
31627.0,6
31628.0,11
31629.0,7
31630.0,19
31631.0,22
31632.0,21
31633.0,11
31634.0,10
31635.0,8
31636.0,12
31637.0,20
31638.0,14
31639.0,15
31640.0,24
31641.0,21
31642.0,26
31643.0,28
31644.0,20
31645.0,19
31646.0,16
31647.0,21
31648.0,10
31649.0,18
31650.0,12
31651.0,9
31652.0,10
31653.0,8
31654.0,3
31655.0,20
31656.0,23
31657.0,6
31658.0,12
31659.0,5
31660.0,25
31661.0,14
31662.0,79
31663.0,41
31664.0,6
31665.0,8
31666.0,6
31667.0,30
31668.0,17
31669.0,3
31670.0,13
31671.0,17
31672.0,17
31673.0,9
31674.0,5
31675.0,20
31676.0,9
31677.0,15
31678.0,13
31679.0,21
31680.0,29
31681.0,12
31682.0,10
31683.0,13
31684.0,12
31685.0,19
31686.0,11
31687.0,19
31688.0,19
31689.0,22
31690.0,17
31691.0,40
31692.0,18
31693.0,15
31694.0,25
31695.0,18
31696.0,17
31697.0,20
31698.0,41
31699.0,39
31700.0,45
31701.0,77
31702.0,37
31703.0,18
31704.0,40
31705.0,20
31706.0,20
31707.0,27
31708.0,14
31709.0,39
31710.0,35
31711.0,37
31712.0,17
31713.0,20
31714.0,18
31715.0,28
31716.0,20
31717.0,24
31718.0,12
31719.0,11
31720.0,15
31721.0,11
31722.0,15
31723.0,8
31724.0,19
31725.0,14
31726.0,24
31727.0,23
31728.0,6
31729.0,21
31730.0,17
31731.0,10
31732.0,20
31733.0,7
31734.0,3
31735.0,23
31736.0,19
31737.0,19
31738.0,12
31739.0,8
31740.0,32
31741.0,10
31742.0,22
31743.0,10
31744.0,12
31745.0,12
31746.0,13
31747.0,4
31748.0,12
31749.0,14
31750.0,14
31751.0,26
31752.0,23
31753.0,12
31754.0,18
31755.0,14
31756.0,13
31757.0,13
31758.0,2
31759.0,14
31760.0,39
31761.0,10
31762.0,18
31763.0,20
31764.0,21
31765.0,24
31766.0,6
31767.0,9
31768.0,37
31769.0,22
31770.0,26
31771.0,24
31772.0,12
31773.0,16
31774.0,15
31775.0,12
31776.0,10
31777.0,24
31778.0,22
31779.0,15
31780.0,32
31781.0,16
31782.0,31
31783.0,18
31784.0,25
31785.0,12
31786.0,16
31787.0,11
31788.0,16
31789.0,20
31790.0,18
31791.0,15
31792.0,29
31793.0,16
31794.0,13
31795.0,26
31796.0,16
31797.0,11
31798.0,5
31799.0,8
31800.0,18
31801.0,16
31802.0,11
31803.0,3
31804.0,16
31805.0,13
31806.0,6
31807.0,8
31808.0,4
31809.0,6
31810.0,14
31811.0,23
31812.0,12
31813.0,11
31814.0,14
31815.0,11
31816.0,14
31817.0,12
31818.0,9
31819.0,19
31820.0,24
31821.0,6
31822.0,29
31823.0,12
31824.0,13
31825.0,22
31826.0,15
31827.0,17
31828.0,18
31829.0,2
31830.0,23
31831.0,13
31832.0,23
31833.0,9
31834.0,12
31835.0,7
31836.0,14
31837.0,7
31838.0,15
31839.0,13
31840.0,12
31841.0,21
31842.0,15
31844.0,10
31845.0,5
31846.0,12
31847.0,8
31848.0,8
31849.0,8
31850.0,7
31851.0,18
31852.0,11
31853.0,4
31854.0,7
31855.0,22
31856.0,11
31857.0,7
31858.0,7
31859.0,9
31860.0,13
31861.0,12
31862.0,27
31863.0,10
31864.0,12
31865.0,4
31866.0,7
31867.0,10
31868.0,12
31869.0,6
31870.0,16
31871.0,9
31872.0,10
31873.0,5
31874.0,10
31875.0,21
31876.0,14
31877.0,11
31878.0,21
31879.0,11
31880.0,18
31881.0,9
31882.0,15
31883.0,16
31884.0,7
31885.0,24
31886.0,12
31887.0,7
31888.0,17
31889.0,15
31890.0,19
31891.0,11
31892.0,12
31893.0,9
31894.0,7
31895.0,8
31896.0,8
31897.0,4
31898.0,6
31899.0,6
31900.0,29
31901.0,7
31902.0,30
31903.0,12
31904.0,3
31905.0,5
31906.0,4
31907.0,13
31908.0,10
31909.0,4
31910.0,11
31911.0,13
31912.0,9
31913.0,8
31914.0,19
31915.0,14
31916.0,16
31917.0,19
31918.0,20
31919.0,13
31920.0,10
31921.0,7
31922.0,20
31923.0,20
31924.0,16
31925.0,7
31926.0,9
31927.0,13
31928.0,7
31929.0,16
31930.0,12
31931.0,24
31932.0,13
31933.0,17
31934.0,11
31935.0,17
31936.0,16
31937.0,5
31938.0,15
31939.0,17
31940.0,16
31941.0,17
31942.0,14
31943.0,9
31944.0,9
31945.0,22
31946.0,21
31947.0,14
31948.0,6
31949.0,11
31950.0,18
31951.0,9
31952.0,13
31953.0,6
31954.0,24
31955.0,13
31956.0,11
31957.0,9
31958.0,19
31959.0,6
31960.0,13
31961.0,13
31962.0,19
31963.0,15
31964.0,7
31965.0,15
31966.0,8
31967.0,3
31968.0,5
31969.0,9
31970.0,12
31971.0,7
31972.0,3
31973.0,6
31974.0,10
31975.0,13
31976.0,11
31977.0,10
31978.0,7
31979.0,9
31980.0,11
31981.0,15
31982.0,9
31983.0,8
31984.0,9
31985.0,7
31986.0,12
31987.0,9
31988.0,5
31989.0,8
31990.0,18
31991.0,11
31992.0,33
31993.0,22
31994.0,24
31995.0,22
31996.0,18
31997.0,23
31998.0,14
31999.0,17
32000.0,31
32001.0,15
32002.0,10
32003.0,21
32004.0,14
32005.0,28
32006.0,11
32007.0,12
32008.0,14
32009.0,19
32010.0,26
32011.0,15
32012.0,23
32013.0,7
32014.0,31
32015.0,22
32016.0,10
32017.0,14
32018.0,14
32019.0,13
32020.0,19
32021.0,32
32022.0,57
32023.0,16
32024.0,12
32025.0,11
32026.0,20
32027.0,18
32028.0,14
32029.0,8
32030.0,18
32031.0,13
32032.0,20
32033.0,8
32034.0,17
32035.0,24
32036.0,15
32037.0,16
32038.0,14
32039.0,8
32040.0,14
32041.0,22
32042.0,11
32043.0,17
32044.0,15
32045.0,11
32046.0,11
32047.0,11
32048.0,14
32049.0,11
32050.0,21
32051.0,19
32052.0,7
32053.0,12
32054.0,34
32055.0,18
32056.0,9
32057.0,15
32058.0,20
32059.0,10
32060.0,19
32061.0,6
32062.0,18
32063.0,13
32064.0,8
32065.0,18
32066.0,10
32067.0,5
32068.0,11
32069.0,6
32070.0,19
32071.0,9
32072.0,8
32073.0,13
32074.0,13
32075.0,13
32076.0,12
32077.0,12
32078.0,9
32079.0,2
32080.0,12
32081.0,9
32082.0,13
32083.0,4
32084.0,7
32085.0,4
32086.0,7
32087.0,2
32088.0,2
32089.0,19
32090.0,19
32091.0,5
32092.0,9
32093.0,8
32094.0,8
32095.0,20
32096.0,7
32097.0,7
32098.0,10
32099.0,5
32100.0,11
32101.0,12
32102.0,20
32103.0,8
32104.0,15
32105.0,9
32106.0,6
32107.0,14
32108.0,10
32109.0,14
32110.0,18
32111.0,10
32112.0,7
32113.0,5
32114.0,10
32115.0,21
32116.0,8
32117.0,11
32118.0,6
32119.0,11
32120.0,26
32121.0,11
32122.0,19
32123.0,25
32124.0,7
32125.0,11
32126.0,14
32127.0,19
32128.0,12
32129.0,5
32130.0,21
32131.0,20
32132.0,11
32133.0,3
32134.0,14
32135.0,7
32136.0,8
32137.0,13
32138.0,18
32139.0,12
32140.0,19
32141.0,24
32142.0,28
32143.0,8
32144.0,12
32145.0,11
32146.0,12
32147.0,3
32149.0,2
32150.0,19
32151.0,7
32152.0,7
32153.0,5
32154.0,9
32155.0,19
32156.0,14
32157.0,10
32158.0,11
32159.0,4
32160.0,8
32161.0,14
32162.0,7
32163.0,11
32164.0,4
32165.0,11
32166.0,5
32167.0,8
32168.0,7
32169.0,7
32170.0,23
32171.0,19
32172.0,16
32173.0,11
32174.0,12
32175.0,17
32176.0,6
32177.0,16
32178.0,13
32179.0,24
32180.0,26
32181.0,7
32182.0,30
32183.0,21
32184.0,12
32185.0,20
32186.0,7
32187.0,7
32188.0,10
32189.0,3
32190.0,22
32191.0,6
32192.0,12
32193.0,12
32194.0,13
32195.0,27
32196.0,7
32197.0,3
32198.0,14
32199.0,2
32200.0,9
32201.0,9
32202.0,8
32203.0,8
32204.0,3
32205.0,12
32206.0,11
32207.0,2
32208.0,4
32209.0,3
32210.0,16
32211.0,10
32212.0,3
32213.0,2
32214.0,8
32215.0,18
32216.0,17
32217.0,4
32218.0,5
32219.0,14
32220.0,14
32221.0,11
32222.0,12
32223.0,27
32224.0,18
32225.0,10
32226.0,8
32227.0,11
32228.0,14
32229.0,12
32230.0,29
32231.0,14
32232.0,62
32233.0,6
32234.0,64
32235.0,65
32236.0,24
32237.0,3
32238.0,16
32239.0,34
32240.0,22
32241.0,20
32242.0,15
32243.0,14
32244.0,20
32245.0,23
32246.0,46
32247.0,28
32248.0,11
32249.0,8
32250.0,14
32251.0,29
32252.0,30
32253.0,16
32254.0,11
32255.0,11
32256.0,26
32257.0,21
32258.0,32
32259.0,8
32260.0,28
32261.0,7
32262.0,44
32263.0,12
32264.0,14
32265.0,7
32266.0,16
32267.0,20
32268.0,12
32269.0,9
32270.0,9
32271.0,8
32272.0,3
32273.0,7
32274.0,8
32275.0,20
32276.0,17
32277.0,9
32278.0,10
32279.0,9
32280.0,12
32281.0,20
32282.0,15
32283.0,8
32284.0,8
32285.0,6
32286.0,12
32287.0,7
32288.0,14
32289.0,11
32290.0,24
32291.0,20
32292.0,46
32293.0,2
32294.0,12
32295.0,22
32296.0,2
32297.0,7
32298.0,14
32299.0,17
32300.0,21
32301.0,18
32302.0,20
32303.0,29
32304.0,19
32305.0,21
32306.0,11
32307.0,20
32308.0,12
32309.0,6
32310.0,24
32311.0,18
32312.0,4
32313.0,5
32314.0,23
32315.0,38
32316.0,7
32317.0,29
32318.0,51
32319.0,21
32320.0,13
32321.0,22
32322.0,26
32323.0,9
32324.0,29
32325.0,12
32326.0,14
32327.0,7
32328.0,9
32329.0,17
32330.0,18
32331.0,11
32332.0,12
32333.0,8
32334.0,9
32335.0,16
32336.0,20
32337.0,7
32338.0,11
32339.0,6
32340.0,19
32341.0,9
32342.0,17
32343.0,7
32344.0,8
32345.0,15
32346.0,8
32347.0,5
32348.0,9
32349.0,7
32350.0,23
32351.0,16
32352.0,12
32353.0,8
32354.0,13
32355.0,14
32356.0,7
32357.0,4
32358.0,14
32359.0,8
32360.0,21
32361.0,2
32362.0,19
32363.0,10
32364.0,8
32365.0,23
32366.0,12
32367.0,13
32368.0,8
32369.0,7
32370.0,16
32371.0,14
32372.0,12
32373.0,8
32374.0,15
32375.0,5
32376.0,16
32377.0,12
32378.0,11
32379.0,2
32380.0,11
32381.0,19
32382.0,41
32383.0,6
32384.0,6
32385.0,12
32386.0,8
32387.0,5
32388.0,6
32389.0,11
32390.0,24
32391.0,10
32392.0,7
32393.0,13
32394.0,6
32395.0,14
32396.0,10
32397.0,12
32398.0,16
32399.0,10
32400.0,7
32401.0,7
32402.0,13
32403.0,16
32404.0,25
32405.0,12
32406.0,19
32407.0,7
32408.0,11
32409.0,15
32410.0,22
32411.0,24
32412.0,20
32413.0,8
32414.0,16
32415.0,30
32416.0,4
32417.0,13
32418.0,19
32419.0,9
32420.0,21
32421.0,11
32422.0,21
32423.0,17
32424.0,14
32425.0,10
32426.0,10
32427.0,10
32428.0,6
32429.0,6
32430.0,14
32431.0,8
32432.0,7
32433.0,6
32434.0,14
32435.0,6
32436.0,4
32437.0,14
32438.0,13
32439.0,6
32440.0,12
32441.0,12
32442.0,8
32443.0,7
32444.0,25
32445.0,8
32446.0,10
32447.0,8
32448.0,6
32449.0,24
32450.0,25
32451.0,24
32452.0,13
32453.0,7
32454.0,17
32455.0,11
32456.0,12
32457.0,20
32458.0,15
32459.0,4
32460.0,11
32461.0,11
32462.0,27
32463.0,21
32464.0,10
32465.0,17
32466.0,11
32467.0,16
32468.0,8
32469.0,10
32470.0,21
32471.0,23
32472.0,11
32473.0,5
32474.0,17
32475.0,18
32476.0,12
32477.0,9
32478.0,14
32479.0,14
32480.0,12
32481.0,12
32482.0,21
32483.0,18
32484.0,19
32485.0,19
32486.0,21
32487.0,15
32488.0,18
32489.0,19
32490.0,21
32491.0,17
32492.0,17
32493.0,28
32494.0,9
32495.0,14
32496.0,12
32497.0,13
32498.0,10
32499.0,8
32500.0,27
32501.0,26
32502.0,35
32503.0,6
32504.0,4
32505.0,13
32506.0,8
32507.0,8
32508.0,20
32509.0,13
32510.0,23
32511.0,23
32512.0,10
32513.0,12
32514.0,13
32515.0,35
32516.0,5
32517.0,11
32518.0,33
32519.0,6
32520.0,14
32521.0,22
32522.0,11
32523.0,13
32524.0,16
32525.0,11
32526.0,11
32527.0,8
32528.0,17
32529.0,7
32530.0,23
32531.0,35
32532.0,11
32533.0,9
32534.0,9
32535.0,16
32536.0,15
32537.0,11
32538.0,9
32539.0,14
32540.0,21
32541.0,17
32542.0,23
32543.0,16
32544.0,23
32545.0,17
32546.0,12
32547.0,11
32548.0,7
32549.0,10
32550.0,24
32551.0,6
32552.0,9
32553.0,14
32554.0,17
32555.0,15
32556.0,20
32557.0,27
32558.0,6
32559.0,9
32560.0,24
32561.0,8
32562.0,14
32563.0,9
32564.0,7
32565.0,17
32566.0,14
32567.0,6
32568.0,8
32569.0,5
32570.0,12
32571.0,14
32572.0,11
32573.0,8
32574.0,7
32575.0,17
32576.0,28
32577.0,30
32578.0,6
32579.0,4
32580.0,13
32581.0,14
32582.0,21
32583.0,17
32584.0,14
32585.0,5
32586.0,28
32587.0,16
32588.0,15
32589.0,6
32590.0,29
32591.0,13
32592.0,24
32593.0,6
32594.0,29
32595.0,26
32596.0,8
32597.0,19
32598.0,9
32599.0,10
32600.0,15
32601.0,23
32602.0,13
32603.0,27
32604.0,12
32605.0,28
32606.0,17
32607.0,39
32608.0,27
32609.0,13
32610.0,11
32611.0,21
32612.0,8
32613.0,16
32614.0,17
32615.0,24
32616.0,21
32617.0,7
32618.0,32
32619.0,8
32620.0,26
32621.0,15
32622.0,31
32623.0,11
32624.0,6
32625.0,21
32626.0,21
32627.0,4
32628.0,14
32629.0,18
32630.0,23
32631.0,20
32632.0,25
32633.0,6
32634.0,14
32635.0,12
32636.0,9
32637.0,8
32638.0,39
32639.0,19
32640.0,14
32641.0,14
32642.0,29
32643.0,20
32644.0,6
32645.0,14
32646.0,26
32647.0,13
32648.0,21
32649.0,17
32650.0,21
32651.0,32
32652.0,12
32653.0,6
32654.0,18
32655.0,36
32656.0,17
32657.0,7
32658.0,21
32659.0,54
32660.0,27
32661.0,21
32662.0,29
32663.0,18
32664.0,12
32665.0,18
32666.0,14
32667.0,27
32668.0,24
32669.0,11
32670.0,22
32671.0,20
32672.0,26
32673.0,15
32674.0,13
32675.0,16
32676.0,1
32677.0,9
32678.0,29
32679.0,17
32680.0,14
32681.0,5
32682.0,16
32683.0,15
32684.0,12
32685.0,14
32686.0,14
32687.0,11
32688.0,13
32689.0,15
32690.0,13
32691.0,21
32692.0,16
32693.0,9
32694.0,21
32695.0,12
32696.0,15
32697.0,23
32698.0,24
32699.0,18
32700.0,25
32701.0,6
32702.0,24
32703.0,18
32704.0,15
32705.0,16
32706.0,22
32707.0,7
32708.0,6
32709.0,3
32710.0,17
32711.0,21
32712.0,22
32713.0,28
32714.0,6
32715.0,17
32716.0,8
32717.0,18
32718.0,9
32719.0,6
32720.0,10
32721.0,11
32722.0,14
32723.0,11
32724.0,22
32725.0,22
32726.0,19
32727.0,28
32728.0,14
32729.0,25
32730.0,28
32731.0,8
32732.0,21
32733.0,8
32734.0,19
32735.0,12
32736.0,6
32737.0,8
32738.0,8
32739.0,8
32740.0,19
32741.0,19
32742.0,30
32743.0,34
32744.0,10
32745.0,16
32746.0,15
32747.0,27
32748.0,9
32749.0,19
32750.0,13
32751.0,29
32752.0,18
32753.0,30
32754.0,21
32755.0,31
32756.0,17
32757.0,16
32758.0,14
32759.0,27
32760.0,9
32761.0,10
32762.0,20
32763.0,12
32764.0,12
32765.0,14
32766.0,22
32767.0,11
32768.0,9
32769.0,11
32770.0,22
32771.0,15
32772.0,17
32773.0,17
32774.0,22
32775.0,15
32776.0,6
32777.0,9
32778.0,8
32779.0,13
32780.0,13
32781.0,6
32782.0,11
32783.0,12
32784.0,18
32785.0,21
32786.0,7
32787.0,6
32788.0,17
32789.0,7
32790.0,38
32791.0,20
32792.0,1
32793.0,3
32794.0,5
32795.0,16
32796.0,14
32797.0,17
32798.0,39
32799.0,5
32800.0,8
32801.0,9
32802.0,14
32803.0,5
32804.0,6
32805.0,9
32806.0,14
32807.0,7
32808.0,10
32809.0,12
32810.0,15
32811.0,16
32812.0,9
32813.0,7
32814.0,12
32815.0,21
32816.0,45
32817.0,23
32818.0,22
32819.0,3
32820.0,19
32821.0,10
32822.0,32
32823.0,24
32824.0,15
32825.0,9
32826.0,16
32827.0,7
32828.0,12
32829.0,20
32830.0,24
32831.0,37
32832.0,19
32833.0,23
32834.0,13
32835.0,19
32836.0,18
32837.0,24
32838.0,11
32839.0,12
32840.0,21
32841.0,23
32842.0,18
32843.0,19
32844.0,9
32845.0,32
32846.0,25
32847.0,22
32848.0,16
32849.0,17
32850.0,25
32851.0,9
32852.0,3
32853.0,20
32854.0,18
32855.0,16
32856.0,6
32857.0,15
32858.0,21
32859.0,4
32860.0,21
32861.0,14
32862.0,26
32863.0,4
32864.0,7
32865.0,10
32866.0,18
32867.0,12
32868.0,20
32869.0,10
32870.0,15
32871.0,12
32872.0,10
32873.0,21
32874.0,28
32875.0,12
32876.0,17
32877.0,13
32878.0,12
32879.0,6
32880.0,9
32881.0,53
32882.0,26
32883.0,19
32884.0,22
32885.0,18
32886.0,15
32887.0,18
32888.0,19
32889.0,11
32890.0,19
32891.0,36
32892.0,18
32893.0,20
32894.0,22
32895.0,23
32896.0,9
32897.0,11
32898.0,24
32899.0,19
32900.0,19
32901.0,10
32902.0,17
32903.0,19
32904.0,14
32905.0,22
32906.0,22
32907.0,33
32908.0,15
32909.0,10
32910.0,28
32911.0,22
32912.0,21
32913.0,11
32914.0,17
32915.0,17
32916.0,24
32917.0,31
32918.0,17
32919.0,20
32920.0,21
32921.0,27
32922.0,30
32923.0,17
32924.0,13
32925.0,8
32926.0,14
32927.0,13
32928.0,11
32929.0,12
32930.0,35
32931.0,23
32932.0,18
32933.0,11
32934.0,19
32935.0,34
32936.0,25
32937.0,36
32938.0,25
32939.0,13
32940.0,25
32941.0,24
32942.0,27
32943.0,30
32944.0,24
32945.0,9
32946.0,14
32947.0,23
32948.0,21
32949.0,15
32950.0,11
32951.0,20
32952.0,21
32953.0,23
32954.0,11
32955.0,13
32956.0,20
32957.0,23
32958.0,13
32959.0,9
32960.0,13
32961.0,9
32962.0,30
32963.0,60
32964.0,14
32965.0,86
32966.0,25
32967.0,77
32968.0,52
32969.0,21
32970.0,63
32971.0,54
32972.0,29
32973.0,42
32974.0,44
32975.0,41
32976.0,29
32977.0,47
32978.0,49
32979.0,41
32980.0,48
32981.0,50
32982.0,55
32983.0,42
32984.0,51
32985.0,37
32986.0,32
32987.0,64
32988.0,36
32989.0,31
32990.0,38
32991.0,37
32992.0,31
32993.0,18
32994.0,36
32995.0,48
32996.0,35
32997.0,22
32998.0,40
32999.0,28
33000.0,22
33001.0,26
33002.0,46
33003.0,51
33004.0,35
33005.0,22
33006.0,47
33007.0,33
33008.0,38
33009.0,23
33010.0,57
33011.0,35
33012.0,22
33013.0,26
33014.0,43
33015.0,21
33016.0,42
33017.0,42
33018.0,19
33019.0,36
33020.0,65
33021.0,23
33022.0,46
33023.0,36
33024.0,46
33025.0,44
33026.0,23
33027.0,22
33028.0,42
33029.0,30
33030.0,30
33031.0,26
33032.0,42
33033.0,18
33034.0,54
33035.0,19
33036.0,30
33037.0,30
33038.0,43
33039.0,43
33040.0,38
33041.0,30
33042.0,35
33043.0,26
33044.0,9
33045.0,41
33046.0,33
33047.0,17
33048.0,26
33049.0,29
33050.0,39
33051.0,23
33052.0,23
33053.0,37
33054.0,22
33055.0,49
33056.0,29
33057.0,25
33058.0,20
33059.0,46
33060.0,27
33061.0,18
33062.0,18
33063.0,36
33064.0,30
33065.0,28
33066.0,51
33067.0,23
33068.0,24
33069.0,24
33070.0,47
33071.0,24
33072.0,18
33073.0,23
33074.0,20
33075.0,35
33076.0,33
33077.0,19
33078.0,19
33079.0,36
33080.0,32
33081.0,17
33082.0,32
33083.0,25
33084.0,43
33085.0,23
33086.0,24
33087.0,39
33088.0,44
33089.0,14
33090.0,28
33091.0,22
33092.0,22
33093.0,21
33094.0,21
33095.0,23
33096.0,22
33097.0,19
33098.0,40
33099.0,28
33100.0,44
33101.0,35
33102.0,44
33103.0,46
33104.0,36
33105.0,37
33106.0,20
33107.0,22
33108.0,68
33109.0,22
33110.0,55
33111.0,34
33112.0,31
33113.0,30
33114.0,37
33115.0,35
33116.0,27
33117.0,56
33118.0,22
33119.0,42
33120.0,21
33121.0,29
33122.0,54
33123.0,31
33124.0,18
33125.0,32
33126.0,32
33127.0,27
33128.0,27
33129.0,47
33130.0,39
33131.0,32
33132.0,58
33133.0,18
33134.0,29
33135.0,49
33136.0,34
33137.0,41
33138.0,38
33139.0,31
33140.0,33
33141.0,41
33142.0,46
33143.0,35
33144.0,39
33145.0,33
33146.0,29
33147.0,15
33148.0,23
33149.0,9
33150.0,25
33151.0,15
33152.0,18
33153.0,42
33154.0,13
33155.0,16
33156.0,28
33157.0,27
33158.0,35
33159.0,51
33160.0,12
33161.0,25
33162.0,18
33163.0,12
33164.0,28
33165.0,28
33166.0,22
33167.0,20
33168.0,12
33169.0,36
33170.0,25
33171.0,20
33172.0,17
33173.0,29
33174.0,21
33175.0,25
33176.0,22
33177.0,31
33178.0,24
33179.0,37
33180.0,28
33181.0,33
33182.0,16
33183.0,25
33184.0,14
33185.0,28
33186.0,27
33187.0,26
33188.0,17
33189.0,21
33190.0,40
33191.0,34
33192.0,26
33193.0,13
33194.0,32
33195.0,45
33196.0,27
33197.0,13
33198.0,12
33199.0,27
33200.0,31
33201.0,10
33202.0,17
33203.0,33
33204.0,36
33205.0,22
33206.0,19
33207.0,14
33208.0,14
33209.0,15
33210.0,24
33211.0,20
33212.0,13
33213.0,15
33214.0,16
33215.0,22
33216.0,21
33217.0,29
33218.0,30
33219.0,15
33220.0,25
33221.0,24
33222.0,46
33223.0,31
33224.0,22
33225.0,26
33226.0,16
33227.0,20
33228.0,7
33229.0,25
33230.0,17
33231.0,16
33232.0,11
33233.0,13
33234.0,21
33235.0,23
33236.0,19
33237.0,21
33238.0,16
33239.0,11
33240.0,23
33241.0,16
33242.0,11
33243.0,8
33244.0,9
33245.0,18
33246.0,16
33247.0,15
33248.0,18
33249.0,7
33250.0,39
33251.0,36
33252.0,36
33253.0,8
33254.0,28
33255.0,13
33256.0,28
33257.0,35
33258.0,19
33259.0,27
33260.0,13
33261.0,22
33262.0,57
33263.0,25
33264.0,27
33265.0,22
33266.0,17
33267.0,28
33268.0,21
33269.0,15
33270.0,26
33271.0,15
33272.0,22
33273.0,30
33274.0,21
33275.0,39
33276.0,28
33277.0,15
33278.0,28
33279.0,23
33280.0,35
33281.0,30
33282.0,15
33283.0,26
33284.0,8
33285.0,21
33286.0,27
33287.0,13
33288.0,10
33289.0,17
33290.0,37
33291.0,23
33292.0,25
33293.0,14
33294.0,22
33295.0,15
33296.0,19
33297.0,23
33298.0,13
33299.0,16
33300.0,8
33301.0,17
33302.0,18
33303.0,25
33304.0,31
33305.0,13
33306.0,16
33307.0,13
33308.0,18
33309.0,18
33310.0,17
33311.0,9
33312.0,20
33313.0,13
33314.0,21
33315.0,27
33316.0,9
33317.0,16
33318.0,12
33319.0,11
33320.0,30
33321.0,28
33322.0,23
33323.0,19
33324.0,18
33325.0,31
33326.0,10
33327.0,22
33328.0,13
33329.0,3
33330.0,28
33331.0,11
33332.0,19
33333.0,12
33334.0,15
33335.0,26
33336.0,10
33337.0,18
33338.0,12
33339.0,21
33340.0,26
33341.0,24
33342.0,29
33343.0,17
33344.0,7
33345.0,14
33346.0,16
33347.0,14
33348.0,17
33349.0,2
33350.0,32
33351.0,21
33352.0,20
33353.0,8
33354.0,7
33355.0,26
33356.0,36
33357.0,16
33358.0,24
33359.0,12
33360.0,12
33361.0,26
33362.0,20
33363.0,18
33364.0,17
33365.0,14
33366.0,15
33367.0,22
33368.0,13
33369.0,17
33370.0,23
33371.0,23
33372.0,21
33373.0,9
33374.0,9
33375.0,27
33376.0,21
33377.0,12
33378.0,17
33379.0,10
33380.0,24
33381.0,5
33382.0,17
33383.0,12
33384.0,13
33385.0,18
33386.0,18
33387.0,9
33388.0,5
33389.0,7
33390.0,22
33391.0,9
33392.0,6
33393.0,8
33394.0,22
33395.0,20
33396.0,9
33397.0,1
33398.0,14
33399.0,1
33400.0,23
33401.0,21
33402.0,9
33403.0,10
33404.0,3
33405.0,8
33406.0,11
33407.0,6
33408.0,3
33409.0,7
33410.0,14
33411.0,14
33412.0,8
33413.0,2
33414.0,9
33415.0,19
33416.0,18
33417.0,12
33418.0,5
33419.0,4
33420.0,7
33421.0,11
33422.0,15
33423.0,10
33424.0,6
33425.0,8
33426.0,16
33427.0,8
33428.0,8
33429.0,1
33430.0,23
33431.0,16
33432.0,35
33433.0,12
33434.0,27
33435.0,36
33436.0,38
33437.0,37
33438.0,24
33439.0,18
33440.0,22
33441.0,17
33442.0,32
33443.0,22
33444.0,18
33445.0,22
33446.0,19
33447.0,26
33448.0,19
33449.0,14
33450.0,27
33451.0,22
33452.0,25
33453.0,13
33454.0,28
33455.0,27
33456.0,14
33457.0,13
33458.0,32
33459.0,26
33460.0,28
33461.0,26
33462.0,67
33463.0,28
33464.0,16
33465.0,14
33466.0,25
33467.0,25
33468.0,28
33469.0,4
33470.0,15
33471.0,32
33472.0,35
33473.0,18
33474.0,18
33475.0,24
33476.0,13
33477.0,16
33478.0,27
33479.0,15
33480.0,21
33481.0,21
33482.0,18
33483.0,11
33484.0,21
33485.0,15
33486.0,8
33487.0,12
33488.0,11
33489.0,12
33490.0,17
33491.0,20
33492.0,17
33493.0,13
33494.0,10
33495.0,23
33496.0,5
33497.0,23
33498.0,19
33499.0,14
33500.0,17
33501.0,5
33502.0,13
33503.0,21
33504.0,15
33505.0,12
33506.0,10
33507.0,1
33508.0,14
33509.0,12
33510.0,16
33511.0,20
33512.0,9
33513.0,5
33514.0,25
33515.0,14
33516.0,5
33517.0,18
33518.0,8
33519.0,18
33520.0,13
33521.0,14
33522.0,14
33523.0,14
33524.0,22
33525.0,6
33526.0,20
33527.0,7
33528.0,3
33529.0,7
33530.0,22
33531.0,29
33532.0,10
33533.0,10
33534.0,16
33535.0,20
33536.0,16
33537.0,17
33538.0,7
33539.0,13
33540.0,24
33541.0,7
33542.0,10
33543.0,17
33544.0,11
33545.0,21
33546.0,15
33547.0,18
33548.0,7
33549.0,7
33550.0,20
33551.0,19
33552.0,11
33553.0,7
33554.0,10
33555.0,23
33556.0,9
33557.0,7
33558.0,10
33559.0,8
33560.0,22
33561.0,4
33562.0,16
33563.0,24
33564.0,5
33565.0,25
33566.0,14
33567.0,7
33568.0,15
33569.0,9
33570.0,20
33571.0,13
33572.0,7
33573.0,13
33574.0,16
33575.0,10
33576.0,16
33577.0,13
33578.0,14
33579.0,22
33580.0,19
33581.0,22
33582.0,29
33583.0,16
33584.0,14
33585.0,10
33586.0,54
33587.0,7
33588.0,6
33589.0,10
33590.0,16
33591.0,15
33592.0,8
33593.0,11
33594.0,9
33595.0,20
33596.0,8
33597.0,19
33598.0,6
33599.0,12
33600.0,11
33601.0,13
33602.0,8
33603.0,8
33604.0,11
33605.0,18
33606.0,10
33607.0,13
33608.0,22
33609.0,7
33610.0,25
33611.0,17
33612.0,23
33613.0,14
33614.0,21
33615.0,19
33616.0,16
33617.0,20
33618.0,16
33619.0,12
33620.0,24
33621.0,33
33622.0,26
33623.0,26
33624.0,30
33625.0,27
33626.0,13
33627.0,17
33628.0,5
33629.0,8
33630.0,19
33631.0,29
33632.0,9
33633.0,19
33634.0,21
33635.0,27
33636.0,12
33637.0,19
33638.0,20
33639.0,9
33640.0,19
33641.0,7
33642.0,35
33643.0,12
33644.0,10
33645.0,9
33646.0,10
33647.0,23
33648.0,9
33649.0,4
33650.0,25
33651.0,9
33652.0,15
33653.0,15
33654.0,14
33655.0,18
33656.0,14
33657.0,15
33658.0,16
33659.0,3
33660.0,14
33661.0,11
33662.0,10
33663.0,7
33664.0,8
33665.0,15
33666.0,8
33667.0,9
33668.0,9
33669.0,10
33670.0,20
33671.0,21
33672.0,59
33673.0,10
33674.0,62
33675.0,35
33676.0,50
33677.0,65
33678.0,47
33679.0,38
33680.0,60
33681.0,33
33682.0,25
33683.0,25
33684.0,16
33685.0,6
33686.0,27
33687.0,35
33688.0,32
33689.0,8
33690.0,25
33691.0,18
33692.0,6
33693.0,11
33694.0,14
33695.0,13
33696.0,23
33697.0,7
33698.0,25
33699.0,12
33700.0,29
33701.0,19
33702.0,41
33703.0,4
33704.0,29
33705.0,18
33706.0,27
33707.0,13
33708.0,19
33709.0,14
33710.0,10
33711.0,33
33712.0,7
33713.0,11
33714.0,11
33715.0,15
33716.0,37
33717.0,9
33718.0,20
33719.0,8
33720.0,17
33721.0,15
33722.0,17
33723.0,5
33724.0,15
33725.0,7
33726.0,12
33727.0,10
33728.0,6
33729.0,9
33730.0,21
33731.0,13
33732.0,4
33733.0,5
33734.0,13
33735.0,13
33736.0,15
33737.0,16
33738.0,15
33739.0,11
33740.0,22
33741.0,8
33742.0,15
33743.0,22
33744.0,15
33745.0,16
33746.0,18
33747.0,10
33748.0,13
33749.0,7
33750.0,13
33751.0,15
33752.0,2
33753.0,7
33754.0,14
33755.0,11
33756.0,18
33757.0,28
33758.0,29
33759.0,19
33760.0,17
33761.0,19
33762.0,16
33763.0,15
33764.0,14
33765.0,18
33766.0,14
33767.0,20
33768.0,10
33769.0,15
33770.0,15
33771.0,21
33772.0,7
33773.0,5
33774.0,20
33775.0,12
33776.0,6
33777.0,28
33778.0,17
33779.0,7
33780.0,10
33781.0,12
33782.0,9
33783.0,12
33784.0,15
33785.0,4
33786.0,9
33787.0,4
33788.0,19
33789.0,10
33790.0,13
33791.0,29
33792.0,11
33793.0,7
33794.0,13
33795.0,17
33796.0,15
33797.0,9
33798.0,8
33799.0,11
33800.0,11
33801.0,5
33802.0,14
33803.0,26
33804.0,13
33805.0,21
33806.0,14
33807.0,15
33808.0,19
33809.0,4
33810.0,23
33811.0,19
33812.0,13
33813.0,13
33814.0,7
33815.0,9
33816.0,8
33817.0,17
33818.0,10
33819.0,16
33820.0,10
33821.0,29
33822.0,25
33823.0,27
33824.0,9
33825.0,9
33826.0,8
33827.0,11
33828.0,12
33829.0,3
33830.0,17
33831.0,7
33832.0,6
33833.0,12
33834.0,4
33835.0,21
33836.0,11
33837.0,16
33838.0,4
33839.0,7
33840.0,14
33841.0,10
33842.0,17
33843.0,11
33844.0,9
33845.0,12
33846.0,18
33847.0,2
33848.0,9
33849.0,7
33850.0,25
33851.0,19
33852.0,26
33853.0,6
33854.0,10
33855.0,16
33856.0,13
33857.0,8
33858.0,10
33859.0,13
33860.0,25
33861.0,7
33862.0,18
33863.0,14
33864.0,18
33865.0,11
33866.0,15
33867.0,6
33868.0,8
33869.0,8
33870.0,24
33871.0,25
33872.0,10
33873.0,8
33874.0,11
33875.0,14
33876.0,13
33877.0,4
33878.0,12
33879.0,17
33880.0,20
33881.0,8
33882.0,14
33883.0,30
33884.0,10
33885.0,16
33886.0,8
33887.0,18
33888.0,6
33889.0,20
33890.0,18
33891.0,27
33892.0,35
33893.0,13
33894.0,17
33895.0,8
33896.0,35
33897.0,21
33898.0,20
33899.0,30
33900.0,20
33901.0,26
33902.0,25
33903.0,11
33904.0,10
33905.0,15
33906.0,28
33907.0,12
33908.0,7
33909.0,13
33910.0,18
33911.0,18
33912.0,5
33913.0,4
33914.0,22
33915.0,11
33916.0,15
33917.0,12
33918.0,6
33919.0,4
33920.0,20
33921.0,10
33922.0,16
33923.0,13
33924.0,13
33925.0,13
33926.0,20
33927.0,11
33928.0,19
33929.0,11
33930.0,23
33931.0,27
33932.0,13
33933.0,18
33934.0,22
33935.0,27
33936.0,6
33937.0,11
33938.0,12
33939.0,8
33940.0,11
33941.0,20
33942.0,50
33943.0,10
33944.0,10
33945.0,16
33946.0,11
33947.0,4
33948.0,11
33949.0,6
33950.0,9
33951.0,13
33952.0,9
33953.0,11
33954.0,18
33955.0,12
33956.0,18
33957.0,11
33958.0,13
33959.0,6
33960.0,18
33961.0,10
33962.0,26
33963.0,25
33964.0,10
33965.0,12
33966.0,10
33967.0,11
33968.0,21
33969.0,19
33970.0,13
33971.0,20
33972.0,14
33973.0,7
33974.0,19
33975.0,20
33976.0,10
33977.0,15
33978.0,35
33979.0,12
33980.0,23
33981.0,9
33982.0,19
33983.0,27
33984.0,33
33985.0,17
33986.0,11
33987.0,15
33988.0,12
33989.0,3
33990.0,21
33991.0,11
33992.0,12
33993.0,4
33994.0,17
33995.0,24
33996.0,8
33997.0,8
33998.0,17
33999.0,27
34000.0,23
34001.0,6
34002.0,9
34003.0,15
34004.0,10
34005.0,10
34006.0,11
34007.0,16
34008.0,11
34009.0,11
34010.0,9
34011.0,12
34012.0,11
34013.0,8
34014.0,3
34015.0,18
34016.0,13
34017.0,10
34018.0,15
34019.0,4
34020.0,18
34021.0,5
34022.0,19
34023.0,8
34024.0,21
34025.0,12
34026.0,9
34027.0,14
34028.0,6
34029.0,12
34030.0,19
34031.0,32
34032.0,29
34033.0,6
34034.0,13
34035.0,20
34036.0,18
34037.0,16
34038.0,4
34039.0,3
34040.0,20
34041.0,16
34042.0,20
34043.0,24
34044.0,16
34045.0,23
34046.0,18
34047.0,18
34048.0,16
34049.0,24
34050.0,26
34051.0,36
34052.0,25
34053.0,19
34054.0,15
34055.0,22
34056.0,40
34057.0,15
34058.0,34
34059.0,21
34060.0,35
34061.0,19
34062.0,40
34063.0,37
34064.0,19
34065.0,19
34066.0,25
34067.0,17
34068.0,20
34069.0,31
34070.0,23
34071.0,34
34072.0,29
34073.0,12
34074.0,23
34075.0,27
34076.0,23
34077.0,23
34078.0,11
34079.0,10
34080.0,22
34081.0,14
34082.0,47
34083.0,15
34084.0,16
34085.0,15
34086.0,20
34087.0,19
34088.0,38
34089.0,5
34090.0,20
34091.0,22
34092.0,23
34093.0,24
34094.0,25
34095.0,22
34096.0,27
34097.0,15
34098.0,8
34099.0,33
34100.0,14
34101.0,26
34102.0,39
34103.0,23
34104.0,18
34105.0,27
34106.0,12
34107.0,14
34108.0,13
34109.0,25
34110.0,18
34111.0,25
34112.0,10
34113.0,8
34114.0,10
34115.0,19
34116.0,9
34117.0,14
34118.0,15
34119.0,12
34120.0,9
34121.0,20
34122.0,18
34123.0,18
34124.0,12
34125.0,8
34126.0,18
34127.0,25
34128.0,7
34129.0,5
34130.0,29
34131.0,10
34132.0,9
34133.0,18
34134.0,12
34135.0,29
34136.0,13
34137.0,26
34138.0,14
34139.0,15
34140.0,16
34141.0,10
34142.0,18
34143.0,11
34144.0,24
34145.0,15
34146.0,7
34147.0,14
34148.0,13
34149.0,16
34150.0,33
34151.0,20
34152.0,15
34153.0,20
34154.0,26
34155.0,32
34156.0,15
34157.0,6
34158.0,15
34159.0,22
34160.0,26
34161.0,9
34162.0,18
34163.0,22
34164.0,14
34165.0,26
34166.0,40
34167.0,29
34168.0,34
34169.0,15
34170.0,21
34171.0,15
34172.0,19
34173.0,9
34174.0,13
34175.0,24
34176.0,19
34177.0,6
34178.0,4
34179.0,8
34180.0,28
34181.0,21
34182.0,24
34183.0,45
34184.0,6
34185.0,18
34186.0,20
34187.0,17
34188.0,6
34189.0,7
34190.0,23
34191.0,16
34192.0,14
34193.0,14
34194.0,22
34195.0,25
34196.0,12
34197.0,22
34198.0,10
34199.0,13
34200.0,20
34201.0,4
34202.0,10
34203.0,17
34204.0,2
34205.0,11
34206.0,13
34207.0,12
34208.0,9
34209.0,2
34210.0,16
34211.0,32
34212.0,12
34213.0,16
34214.0,17
34215.0,23
34216.0,10
34217.0,7
34218.0,12
34219.0,10
34220.0,21
34221.0,3
34222.0,18
34223.0,31
34224.0,28
34225.0,14
34226.0,24
34227.0,21
34228.0,15
34229.0,4
34230.0,35
34231.0,11
34232.0,11
34233.0,25
34234.0,28
34235.0,17
34236.0,20
34237.0,18
34238.0,25
34239.0,10
34240.0,30
34241.0,17
34242.0,14
34243.0,12
34244.0,38
34245.0,25
34246.0,21
34247.0,19
34248.0,16
34249.0,19
34250.0,13
34251.0,38
34252.0,18
34253.0,10
34254.0,20
34255.0,22
34256.0,17
34257.0,30
34258.0,21
34259.0,15
34260.0,29
34261.0,14
34262.0,29
34263.0,8
34264.0,3
34265.0,11
34266.0,31
34267.0,17
34268.0,32
34269.0,10
34270.0,17
34271.0,20
34272.0,1
34273.0,14
34274.0,13
34275.0,24
34276.0,23
34277.0,23
34278.0,5
34279.0,3
34280.0,17
34281.0,13
34282.0,18
34283.0,19
34284.0,2
34285.0,19
34286.0,10
34287.0,13
34288.0,11
34289.0,7
34290.0,26
34291.0,15
34292.0,4
34293.0,10
34294.0,14
34295.0,9
34296.0,2
34297.0,8
34298.0,9
34299.0,2
34300.0,10
34301.0,31
34302.0,21
34303.0,28
34304.0,7
34305.0,8
34306.0,17
34307.0,9
34308.0,28
34309.0,11
34310.0,9
34311.0,31
34312.0,7
34313.0,13
34314.0,12
34315.0,22
34316.0,4
34317.0,16
34318.0,21
34319.0,6
34320.0,14
34321.0,13
34322.0,10
34323.0,7
34324.0,14
34325.0,23
34326.0,9
34327.0,6
34328.0,14
34329.0,7
34330.0,19
34331.0,21
34332.0,25
34333.0,13
34334.0,10
34335.0,23
34336.0,16
34337.0,22
34338.0,26
34339.0,19
34340.0,17
34341.0,15
34342.0,23
34343.0,46
34344.0,19
34345.0,24
34346.0,11
34347.0,5
34348.0,12
34349.0,8
34350.0,20
34351.0,16
34352.0,10
34353.0,3
34354.0,35
34355.0,18
34356.0,19
34357.0,18
34358.0,11
34359.0,17
34360.0,22
34361.0,20
34362.0,25
34363.0,14
34364.0,13
34365.0,12
34366.0,13
34367.0,40
34368.0,4
34369.0,8
34370.0,49
34371.0,29
34372.0,17
34373.0,14
34374.0,15
34375.0,14
34376.0,18
34377.0,35
34378.0,12
34379.0,9
34380.0,17
34381.0,20
34382.0,27
34383.0,20
34384.0,19
34385.0,20
34386.0,4
34387.0,16
34388.0,7
34389.0,5
34390.0,33
34391.0,36
34392.0,11
34393.0,4
34394.0,19
34395.0,15
34396.0,29
34397.0,15
34398.0,9
34399.0,41
34400.0,12
34401.0,21
34402.0,31
34403.0,18
34404.0,2
34405.0,6
34406.0,11
34407.0,1
34408.0,70
34409.0,45
34410.0,39
34411.0,16
34412.0,49
34413.0,14
34414.0,12
34415.0,8
34416.0,15
34417.0,18
34418.0,17
34419.0,23
34420.0,22
34421.0,26
34422.0,37
34423.0,28
34424.0,13
34425.0,23
34426.0,34
34427.0,27
34428.0,11
34429.0,25
34430.0,21
34431.0,13
34432.0,11
34433.0,6
34434.0,15
34435.0,18
34436.0,15
34437.0,11
34438.0,10
34439.0,11
34440.0,27
34441.0,16
34442.0,15
34443.0,4
34444.0,27
34445.0,30
34446.0,15
34447.0,28
34448.0,12
34449.0,10
34450.0,20
34451.0,25
34452.0,10
34453.0,17
34454.0,19
34455.0,13
34456.0,2
34457.0,16
34458.0,23
34459.0,6
34460.0,23
34461.0,4
34462.0,21
34463.0,14
34464.0,25
34465.0,19
34466.0,16
34467.0,19
34468.0,15
34469.0,10
34470.0,21
34471.0,9
34472.0,10
34473.0,26
34474.0,31
34475.0,14
34476.0,23
34477.0,24
34478.0,15
34479.0,12
34480.0,18
34481.0,26
34482.0,34
34483.0,10
34484.0,9
34485.0,21
34486.0,22
34487.0,13
34488.0,14
34489.0,10
34490.0,25
34491.0,13
34492.0,20
34493.0,20
34494.0,16
34495.0,37
34496.0,6
34497.0,16
34498.0,19
34499.0,8
34500.0,17
34501.0,13
34502.0,15
34503.0,23
34504.0,20
34505.0,12
34506.0,16
34507.0,19
34508.0,50
34509.0,28
34510.0,40
34511.0,26
34512.0,20
34513.0,35
34514.0,14
34515.0,12
34516.0,36
34517.0,14
34518.0,18
34519.0,27
34520.0,24
34521.0,28
34522.0,21
34523.0,25
34524.0,33
34525.0,30
34526.0,22
34527.0,15
34528.0,20
34529.0,13
34530.0,23
34531.0,11
34532.0,10
34533.0,27
34534.0,12
34535.0,17
34536.0,9
34537.0,27
34538.0,19
34539.0,24
34540.0,15
34541.0,36
34542.0,24
34543.0,30
34544.0,32
34545.0,12
34546.0,28
34547.0,20
34548.0,2
34549.0,3
34550.0,14
34551.0,18
34552.0,14
34553.0,13
34554.0,21
34555.0,4
34556.0,5
34557.0,13
34558.0,5
34559.0,29
34560.0,8
34561.0,8
34562.0,24
34563.0,13
34564.0,8
34565.0,7
34566.0,15
34567.0,4
34568.0,9
34569.0,8
34570.0,12
34571.0,26
34572.0,10
34573.0,3
34574.0,12
34575.0,23
34576.0,18
34577.0,12
34578.0,28
34579.0,24
34580.0,23
34581.0,26
34582.0,34
34583.0,30
34584.0,18
34585.0,22
34586.0,10
34587.0,22
34588.0,17
34589.0,8
34590.0,19
34591.0,16
34592.0,13
34593.0,17
34594.0,10
34595.0,11
34596.0,9
34597.0,6
34598.0,11
34599.0,27
34600.0,19
34601.0,22
34602.0,16
34603.0,12
34604.0,12
34605.0,24
34606.0,18
34607.0,8
34608.0,26
34609.0,13
34610.0,16
34611.0,13
34612.0,24
34613.0,34
34614.0,4
34615.0,16
34616.0,18
34617.0,25
34618.0,15
34619.0,3
34620.0,25
34621.0,15
34622.0,15
34623.0,9
34624.0,13
34625.0,11
34626.0,14
34627.0,18
34628.0,10
34629.0,6
34630.0,22
34631.0,12
34632.0,16
34633.0,9
34634.0,14
34635.0,14
34636.0,8
34637.0,8
34638.0,21
34639.0,7
34640.0,15
34641.0,10
34642.0,15
34643.0,19
34644.0,10
34645.0,25
34646.0,34
34647.0,6
34648.0,12
34649.0,13
34650.0,22
34651.0,12
34652.0,4
34653.0,7
34654.0,18
34655.0,7
34656.0,3
34657.0,4
34658.0,18
34659.0,11
34660.0,27
34661.0,37
34662.0,5
34663.0,12
34664.0,56
34665.0,5
34666.0,27
34667.0,5
34668.0,22
34669.0,16
34670.0,18
34671.0,15
34672.0,15
34673.0,7
34674.0,5
34675.0,14
34676.0,10
34677.0,9
34678.0,20
34679.0,5
34680.0,19
34681.0,5
34682.0,9
34683.0,18
34684.0,35
34685.0,23
34686.0,9
34687.0,25
34688.0,2
34689.0,15
34690.0,33
34691.0,25
34693.0,31
34694.0,9
34695.0,38
34696.0,5
34697.0,49
34698.0,8
34699.0,20
34700.0,39
34701.0,3
34702.0,8
34703.0,33
34704.0,3
34705.0,40
34706.0,4
34707.0,20
34708.0,2
34709.0,24
34710.0,10
34711.0,43
34712.0,32
34713.0,11
34714.0,23
34715.0,19
34716.0,15
34717.0,16
34718.0,29
34719.0,14
34720.0,16
34721.0,14
34722.0,9
34723.0,7
34724.0,10
34725.0,13
34726.0,18
34727.0,12
34728.0,15
34729.0,11
34730.0,18
34731.0,6
34732.0,2
34733.0,3
34734.0,5
34735.0,14
34736.0,13
34737.0,4
34738.0,4
34739.0,4
34740.0,13
34741.0,14
34742.0,10
34743.0,5
34744.0,4
34745.0,4
34746.0,4
34747.0,4
34748.0,21
34749.0,4
34750.0,12
34751.0,17
34752.0,9
34753.0,13
34754.0,14
34755.0,19
34756.0,7
34757.0,10
34758.0,7
34759.0,8
34760.0,17
34761.0,15
34762.0,20
34763.0,24
34764.0,12
34765.0,27
34766.0,18
34767.0,13
34768.0,6
34769.0,15
34770.0,15
34771.0,7
34772.0,6
34773.0,11
34774.0,9
34775.0,20
34776.0,19
34777.0,11
34778.0,16
34779.0,9
34780.0,24
34781.0,17
34782.0,30
34783.0,5
34784.0,4
34785.0,6
34786.0,13
34787.0,7
34788.0,1
34789.0,3
34790.0,15
34791.0,12
34792.0,16
34793.0,3
34794.0,12
34795.0,18
34796.0,11
34797.0,1
34798.0,15
34799.0,6
34800.0,6
34801.0,11
34802.0,6
34803.0,10
34804.0,11
34805.0,10
34806.0,7
34807.0,8
34808.0,11
34809.0,5
34810.0,21
34811.0,32
34812.0,4
34813.0,23
34814.0,8
34815.0,9
34816.0,20
34817.0,15
34818.0,12
34819.0,18
34820.0,16
34821.0,6
34822.0,14
34823.0,13
34824.0,12
34825.0,20
34826.0,11
34827.0,5
34828.0,6
34830.0,15
34831.0,17
34832.0,9
34833.0,8
34834.0,11
34835.0,5
34836.0,8
34837.0,5
34838.0,23
34840.0,11
34841.0,15
34842.0,11
34843.0,9
34844.0,4
34845.0,3
34846.0,8
34848.0,10
34849.0,5
34850.0,16
34851.0,14
34852.0,4
34853.0,5
34854.0,9
34855.0,11
34856.0,11
34857.0,4
34858.0,13
34859.0,6
34860.0,13
34861.0,1
34862.0,4
34863.0,3
34864.0,5
34865.0,15
34866.0,16
34867.0,5
34868.0,17
34869.0,5
34870.0,21
34871.0,26
34872.0,24
34873.0,17
34874.0,37
34875.0,30
34876.0,31
34877.0,18
34878.0,24
34879.0,15
34880.0,38
34881.0,16
34882.0,10
34883.0,33
34884.0,17
34885.0,19
34886.0,13
34887.0,16
34888.0,10
34889.0,8
34890.0,21
34891.0,19
34892.0,12
34893.0,9
34894.0,18
34895.0,21
34896.0,20
34897.0,13
34898.0,11
34899.0,10
34900.0,23
34901.0,16
34902.0,46
34903.0,30
34904.0,18
34905.0,17
34906.0,22
34907.0,8
34908.0,20
34909.0,13
34910.0,24
34911.0,15
34912.0,17
34913.0,10
34914.0,11
34915.0,23
34916.0,9
34917.0,20
34918.0,20
34919.0,8
34920.0,11
34921.0,21
34922.0,18
34923.0,20
34924.0,15
34925.0,5
34926.0,20
34927.0,11
34928.0,5
34929.0,15
34930.0,13
34931.0,27
34932.0,12
34933.0,6
34934.0,10
34935.0,14
34936.0,26
34937.0,13
34938.0,14
34939.0,11
34940.0,14
34941.0,23
34942.0,16
34943.0,15
34944.0,5
34945.0,18
34946.0,15
34947.0,6
34948.0,6
34949.0,2
34950.0,10
34951.0,12
34952.0,10
34953.0,4
34954.0,2
34955.0,16
34956.0,17
34957.0,7
34958.0,3
34959.0,31
34960.0,16
34961.0,17
34962.0,4
34963.0,4
34964.0,6
34965.0,7
34966.0,6
34967.0,1
34968.0,6
34969.0,3
34970.0,20
34971.0,5
34972.0,10
34973.0,1
34974.0,15
34975.0,4
34976.0,3
34977.0,19
34978.0,3
34979.0,4
34980.0,16
34981.0,7
34982.0,16
34983.0,2
34984.0,14
34985.0,5
34986.0,10
34988.0,1
34989.0,2
34990.0,29
34991.0,6
34992.0,6
34993.0,8
34994.0,5
34995.0,13
34996.0,20
34997.0,7
34998.0,2
34999.0,12
35000.0,18
35001.0,4
35002.0,9
35003.0,18
35004.0,9
35005.0,12
35006.0,8
35007.0,1
35008.0,28
35009.0,7
35010.0,16
35011.0,10
35012.0,5
35013.0,4
35014.0,5
35015.0,6
35016.0,3
35017.0,2
35018.0,16
35019.0,1
35020.0,8
35021.0,7
35022.0,2
35024.0,20
35025.0,7
35026.0,38
35027.0,5
35028.0,2
35029.0,10
35030.0,10
35031.0,5
35032.0,25
35033.0,2
35034.0,4
35035.0,15
35036.0,10
35037.0,6
35038.0,9
35039.0,12
35040.0,22
35041.0,9
35042.0,15
35043.0,18
35044.0,10
35045.0,7
35046.0,10
35047.0,11
35048.0,7
35049.0,9
35050.0,21
35051.0,15
35052.0,35
35053.0,8
35054.0,13
35055.0,23
35056.0,12
35057.0,2
35058.0,8
35059.0,2
35060.0,12
35061.0,37
35062.0,23
35063.0,17
35064.0,2
35065.0,8
35066.0,9
35067.0,23
35068.0,17
35069.0,12
35070.0,17
35071.0,5
35072.0,4
35073.0,11
35074.0,16
35075.0,13
35076.0,9
35077.0,5
35078.0,10
35079.0,6
35080.0,7
35081.0,12
35082.0,5
35083.0,4
35084.0,10
35085.0,9
35086.0,6
35087.0,17
35088.0,7
35089.0,9
35090.0,11
35091.0,6
35092.0,8
35093.0,2
35094.0,2
35095.0,5
35096.0,12
35097.0,10
35098.0,1
35099.0,4
35100.0,10
35101.0,3
35102.0,6
35103.0,6
35104.0,6
35105.0,12
35106.0,2
35107.0,4
35108.0,6
35109.0,7
35110.0,13
35111.0,15
35112.0,66
35113.0,39
35114.0,55
35115.0,56
35116.0,55
35117.0,65
35118.0,45
35119.0,49
35120.0,54
35121.0,13
35122.0,24
35123.0,19
35124.0,11
35125.0,21
35126.0,6
35127.0,12
35128.0,11
35129.0,8
35130.0,20
35131.0,11
35132.0,14
35133.0,9
35134.0,6
35135.0,15
35136.0,5
35137.0,6
35138.0,4
35139.0,11
35140.0,25
35141.0,11
35142.0,22
35143.0,6
35144.0,10
35145.0,14
35146.0,18
35147.0,23
35148.0,5
35149.0,12
35150.0,15
35151.0,11
35152.0,14
35153.0,6
35154.0,7
35155.0,11
35156.0,3
35157.0,14
35158.0,13
35159.0,3
35160.0,24
35161.0,8
35162.0,16
35163.0,9
35164.0,17
35165.0,13
35166.0,8
35167.0,13
35168.0,15
35169.0,9
35170.0,17
35171.0,28
35172.0,22
35173.0,11
35174.0,19
35175.0,21
35176.0,15
35177.0,13
35178.0,11
35179.0,13
35180.0,21
35181.0,13
35182.0,34
35183.0,22
35184.0,8
35185.0,17
35186.0,5
35187.0,4
35188.0,5
35189.0,11
35190.0,14
35191.0,13
35192.0,6
35193.0,3
35194.0,12
35195.0,12
35196.0,11
35197.0,2
35198.0,20
35199.0,2
35200.0,12
35201.0,10
35202.0,2
35203.0,17
35204.0,2
35205.0,9
35206.0,6
35207.0,5
35208.0,12
35209.0,21
35210.0,17
35211.0,8
35212.0,16
35213.0,4
35214.0,8
35215.0,11
35216.0,12
35217.0,13
35218.0,8
35219.0,16
35220.0,19
35221.0,7
35222.0,11
35223.0,11
35224.0,16
35225.0,12
35226.0,10
35227.0,10
35228.0,15
35229.0,2
35230.0,19
35231.0,12
35232.0,25
35233.0,11
35234.0,24
35235.0,16
35236.0,13
35237.0,5
35238.0,4
35239.0,9
35240.0,15
35241.0,6
35242.0,10
35243.0,9
35244.0,7
35245.0,18
35246.0,10
35247.0,6
35248.0,8
35249.0,3
35250.0,19
35251.0,9
35252.0,5
35253.0,3
35254.0,12
35255.0,16
35256.0,9
35257.0,1
35258.0,16
35260.0,14
35261.0,12
35262.0,26
35263.0,3
35264.0,2
35265.0,5
35266.0,10
35267.0,3
35268.0,2
35269.0,8
35270.0,11
35271.0,18
35272.0,11
35273.0,10
35274.0,12
35275.0,8
35276.0,7
35277.0,9
35278.0,11
35279.0,5
35280.0,11
35281.0,3
35282.0,12
35283.0,6
35284.0,9
35285.0,7
35286.0,9
35287.0,20
35288.0,8
35289.0,4
35290.0,20
35291.0,13
35292.0,14
35293.0,6
35294.0,25
35295.0,20
35296.0,22
35297.0,5
35298.0,6
35299.0,13
35300.0,19
35301.0,12
35302.0,21
35303.0,12
35304.0,15
35305.0,16
35306.0,9
35307.0,10
35308.0,11
35309.0,8
35310.0,22
35311.0,10
35312.0,14
35313.0,7
35314.0,5
35315.0,8
35316.0,3
35317.0,7
35318.0,23
35319.0,10
35320.0,13
35321.0,15
35322.0,11
35323.0,6
35324.0,8
35325.0,7
35326.0,11
35327.0,1
35328.0,4
35329.0,10
35330.0,13
35331.0,10
35332.0,18
35333.0,2
35334.0,12
35335.0,23
35336.0,9
35337.0,8
35338.0,5
35339.0,5
35340.0,7
35341.0,13
35342.0,5
35343.0,19
35344.0,7
35345.0,4
35346.0,11
35347.0,3
35348.0,17
35349.0,16
35350.0,20
35351.0,9
35352.0,13
35353.0,9
35354.0,10
35355.0,13
35356.0,14
35357.0,4
35358.0,6
35359.0,9
35360.0,13
35361.0,10
35362.0,13
35363.0,9
35364.0,6
35365.0,18
35366.0,7
35367.0,8
35368.0,13
35369.0,4
35370.0,15
35371.0,14
35372.0,1
35373.0,7
35374.0,8
35375.0,14
35376.0,19
35377.0,19
35378.0,32
35379.0,23
35380.0,18
35381.0,21
35382.0,46
35383.0,4
35384.0,11
35385.0,14
35386.0,17
35387.0,15
35388.0,23
35389.0,6
35390.0,12
35391.0,11
35392.0,5
35393.0,8
35394.0,12
35395.0,23
35396.0,5
35397.0,17
35398.0,32
35399.0,9
35400.0,19
35401.0,7
35402.0,13
35403.0,11
35404.0,15
35405.0,16
35406.0,14
35407.0,12
35408.0,11
35409.0,12
35410.0,21
35411.0,17
35412.0,13
35413.0,12
35414.0,16
35415.0,38
35416.0,13
35417.0,12
35418.0,13
35419.0,13
35420.0,14
35421.0,5
35422.0,21
35423.0,20
35424.0,8
35425.0,18
35426.0,8
35427.0,1
35428.0,3
35429.0,17
35430.0,14
35431.0,5
35432.0,7
35433.0,9
35434.0,13
35435.0,6
35436.0,4
35437.0,5
35438.0,14
35439.0,7
35440.0,18
35441.0,12
35442.0,15
35443.0,2
35444.0,2
35445.0,8
35446.0,4
35447.0,18
35448.0,7
35449.0,8
35450.0,13
35451.0,5
35452.0,14
35453.0,5
35454.0,7
35455.0,16
35456.0,12
35457.0,8
35458.0,10
35459.0,16
35460.0,10
35461.0,18
35462.0,13
35463.0,4
35464.0,11
35465.0,11
35466.0,12
35467.0,9
35468.0,12
35469.0,9
35470.0,30
35471.0,6
35472.0,19
35473.0,21
35474.0,34
35475.0,31
35476.0,12
35477.0,17
35478.0,23
35479.0,15
35480.0,18
35481.0,17
35482.0,26
35483.0,17
35484.0,23
35485.0,30
35486.0,18
35487.0,20
35488.0,24
35489.0,16
35490.0,40
35491.0,24
35492.0,16
35493.0,16
35494.0,18
35495.0,9
35496.0,13
35497.0,15
35498.0,13
35499.0,19
35500.0,15
35501.0,24
35502.0,40
35503.0,15
35504.0,5
35505.0,21
35506.0,7
35507.0,7
35508.0,10
35509.0,20
35510.0,18
35511.0,8
35512.0,11
35513.0,22
35514.0,12
35515.0,12
35516.0,11
35517.0,18
35518.0,13
35519.0,13
35520.0,25
35521.0,18
35522.0,29
35523.0,21
35524.0,27
35525.0,19
35526.0,12
35527.0,20
35528.0,10
35529.0,46
35530.0,38
35531.0,27
35532.0,10
35533.0,14
35534.0,20
35535.0,26
35536.0,25
35537.0,13
35538.0,13
35539.0,20
35540.0,30
35541.0,33
35542.0,18
35543.0,10
35544.0,5
35545.0,18
35546.0,18
35547.0,3
35548.0,11
35549.0,27
35550.0,36
35551.0,16
35552.0,13
35553.0,14
35554.0,22
35555.0,24
35556.0,9
35557.0,9
35558.0,34
35559.0,10
35560.0,22
35561.0,17
35562.0,20
35563.0,17
35564.0,20
35565.0,16
35566.0,17
35567.0,17
35568.0,17
35569.0,29
35570.0,18
35571.0,32
35572.0,15
35573.0,28
35574.0,27
35575.0,16
35576.0,26
35577.0,19
35578.0,11
35579.0,9
35580.0,25
35581.0,20
35582.0,12
35583.0,18
35584.0,17
35585.0,25
35586.0,19
35587.0,25
35588.0,13
35589.0,22
35590.0,13
35591.0,20
35592.0,24
35593.0,10
35594.0,12
35595.0,24
35596.0,18
35597.0,38
35598.0,8
35599.0,3
35600.0,21
35601.0,32
35602.0,16
35603.0,17
35604.0,19
35605.0,6
35606.0,33
35607.0,18
35608.0,28
35609.0,15
35610.0,34
35611.0,11
35612.0,12
35613.0,2
35614.0,18
35615.0,6
35616.0,5
35617.0,4
35618.0,8
35619.0,12
35620.0,30
35621.0,10
35622.0,35
35623.0,27
35624.0,9
35625.0,13
35626.0,15
35627.0,3
35628.0,2
35629.0,8
35630.0,15
35631.0,19
35632.0,6
35633.0,2
35634.0,10
35635.0,18
35636.0,8
35637.0,26
35638.0,40
35639.0,10
35640.0,3
35641.0,10
35642.0,14
35643.0,1
35644.0,8
35645.0,30
35646.0,13
35647.0,13
35648.0,3
35649.0,12
35650.0,24
35651.0,7
35652.0,3
35653.0,22
35654.0,6
35655.0,2
35656.0,23
35657.0,2
35658.0,8
35659.0,2
35660.0,36
35661.0,12
35662.0,9
35663.0,4
35664.0,2
35665.0,13
35666.0,8
35667.0,45
35668.0,2
35669.0,91
35670.0,34
35671.0,15
35672.0,10
35673.0,10
35674.0,25
35675.0,15
35676.0,26
35677.0,8
35678.0,21
35679.0,17
35680.0,19
35681.0,24
35682.0,19
35683.0,17
35684.0,8
35685.0,23
35686.0,15
35687.0,11
35688.0,8
35689.0,15
35690.0,27
35691.0,20
35692.0,27
35693.0,19
35694.0,16
35695.0,27
35696.0,18
35697.0,14
35698.0,10
35699.0,42
35700.0,20
35701.0,22
35702.0,10
35703.0,11
35704.0,27
35705.0,11
35706.0,15
35707.0,24
35708.0,9
35709.0,17
35710.0,45
35711.0,15
35712.0,22
35713.0,5
35714.0,18
35715.0,22
35716.0,16
35717.0,11
35718.0,18
35719.0,15
35720.0,26
35721.0,6
35722.0,25
35723.0,22
35724.0,1
35725.0,10
35726.0,15
35727.0,1
35728.0,6
35729.0,7
35730.0,19
35731.0,9
35732.0,7
35733.0,4
35734.0,8
35735.0,8
35736.0,9
35737.0,6
35738.0,6
35739.0,12
35740.0,25
35741.0,6
35742.0,34
35743.0,14
35744.0,14
35745.0,17
35746.0,16
35747.0,7
35748.0,4
35749.0,7
35750.0,16
35751.0,10
35752.0,28
35753.0,18
35754.0,10
35755.0,23
35756.0,14
35757.0,19
35758.0,13
35759.0,2
35760.0,16
35761.0,31
35762.0,19
35763.0,7
35764.0,13
35765.0,6
35766.0,15
35767.0,18
35768.0,15
35769.0,8
35770.0,24
35771.0,17
35772.0,19
35773.0,16
35774.0,15
35775.0,21
35776.0,10
35777.0,7
35778.0,7
35779.0,16
35780.0,8
35781.0,13
35782.0,20
35783.0,18
35784.0,19
35785.0,10
35786.0,30
35787.0,15
35788.0,9
35789.0,18
35790.0,23
35791.0,15
35792.0,10
35793.0,9
35794.0,6
35795.0,18
35796.0,7
35797.0,7
35798.0,13
35799.0,14
35800.0,17
35801.0,18
35802.0,16
35803.0,10
35804.0,15
35805.0,13
35806.0,20
35807.0,12
35808.0,4
35809.0,4
35810.0,16
35811.0,11
35812.0,10
35813.0,10
35814.0,7
35815.0,18
35816.0,9
35817.0,24
35818.0,10
35819.0,12
35820.0,26
35821.0,26
35822.0,8
35823.0,6
35824.0,34
35825.0,10
35826.0,19
35827.0,11
35828.0,12
35829.0,7
35830.0,26
35831.0,18
35832.0,22
35833.0,8
35834.0,16
35835.0,27
35836.0,19
35837.0,19
35838.0,16
35839.0,22
35840.0,30
35841.0,11
35842.0,15
35843.0,24
35844.0,17
35845.0,20
35846.0,25
35847.0,19
35848.0,20
35849.0,23
35850.0,17
35851.0,27
35852.0,30
35853.0,13
35854.0,24
35855.0,15
35856.0,27
35857.0,9
35858.0,18
35859.0,13
35860.0,22
35861.0,24
35862.0,27
35863.0,24
35864.0,15
35865.0,22
35866.0,13
35867.0,20
35868.0,9
35869.0,11
35870.0,27
35871.0,20
35872.0,13
35873.0,11
35874.0,10
35875.0,26
35876.0,8
35877.0,13
35878.0,17
35879.0,4
35880.0,8
35881.0,23
35882.0,6
35883.0,7
35884.0,9
35885.0,5
35886.0,14
35887.0,11
35888.0,7
35889.0,14
35890.0,18
35891.0,19
35892.0,4
35893.0,3
35894.0,10
35895.0,10
35896.0,9
35897.0,8
35898.0,11
35899.0,9
35900.0,15
35901.0,21
35902.0,28
35903.0,20
35904.0,15
35905.0,15
35906.0,38
35907.0,16
35908.0,20
35909.0,10
35910.0,22
35911.0,13
35912.0,7
35913.0,23
35914.0,19
35915.0,14
35916.0,22
35917.0,8
35918.0,20
35919.0,25
35920.0,30
35921.0,22
35922.0,33
35923.0,18
35924.0,9
35925.0,23
35926.0,17
35927.0,15
35928.0,21
35929.0,11
35930.0,25
35931.0,32
35932.0,18
35933.0,14
35934.0,11
35935.0,25
35936.0,17
35937.0,17
35938.0,7
35939.0,11
35940.0,23
35941.0,14
35942.0,15
35943.0,23
35944.0,15
35945.0,12
35946.0,13
35947.0,25
35948.0,20
35949.0,17
35950.0,46
35951.0,19
35952.0,13
35953.0,9
35954.0,7
35955.0,24
35956.0,15
35957.0,8
35958.0,17
35959.0,8
35960.0,29
35961.0,23
35962.0,16
35963.0,24
35964.0,13
35965.0,25
35966.0,21
35967.0,21
35968.0,23
35969.0,17
35970.0,18
35971.0,24
35972.0,10
35973.0,12
35974.0,4
35975.0,4
35976.0,3
35979.0,38
35980.0,13
35981.0,49
35982.0,19
35983.0,28
35984.0,32
35985.0,30
35986.0,26
35987.0,21
35988.0,16
35989.0,22
35990.0,28
35991.0,46
35992.0,19
35993.0,17
35994.0,23
35995.0,28
35996.0,27
35997.0,28
35998.0,26
35999.0,23
36000.0,39
36001.0,28
36002.0,29
36003.0,32
36004.0,15
36005.0,28
36006.0,37
36007.0,20
36008.0,31
36009.0,25
36010.0,27
36011.0,37
36012.0,10
36013.0,16
36014.0,29
36015.0,40
36016.0,25
36017.0,26
36018.0,26
36019.0,32
36020.0,45
36021.0,30
36022.0,28
36023.0,30
36024.0,32
36025.0,25
36026.0,33
36027.0,30
36028.0,28
36029.0,27
36030.0,32
36031.0,26
36032.0,14
36033.0,31
36034.0,11
36035.0,25
36036.0,16
36037.0,14
36038.0,23
36039.0,16
36040.0,39
36041.0,36
36042.0,26
36043.0,31
36044.0,19
36045.0,22
36046.0,27
36047.0,19
36048.0,12
36049.0,29
36050.0,26
36051.0,22
36052.0,29
36053.0,31
36054.0,30
36055.0,32
36056.0,25
36057.0,35
36058.0,24
36059.0,24
36060.0,18
36061.0,32
36062.0,36
36063.0,31
36064.0,19
36065.0,15
36066.0,20
36067.0,14
36068.0,38
36069.0,21
36070.0,39
36071.0,17
36072.0,1
36073.0,3
36074.0,15
36075.0,9
36076.0,9
36077.0,54
36079.0,11
36080.0,19
36081.0,39
36082.0,7
36083.0,52
36084.0,2
36085.0,26
36086.0,5
36087.0,37
36088.0,15
36089.0,15
36090.0,52
36091.0,7
36092.0,6
36093.0,6
36094.0,39
36095.0,14
36096.0,4
36097.0,39
36098.0,7
36099.0,3
36100.0,46
36101.0,7
36102.0,17
36103.0,12
36105.0,54
36106.0,29
36107.0,47
36108.0,21
36109.0,21
36110.0,23
36111.0,27
36112.0,15
36113.0,17
36114.0,16
36115.0,25
36116.0,8
36117.0,17
36118.0,11
36119.0,8
36120.0,16
36121.0,7
36122.0,10
36123.0,15
36124.0,6
36125.0,12
36126.0,7
36127.0,16
36128.0,10
36129.0,14
36130.0,9
36131.0,26
36132.0,8
36133.0,4
36134.0,18
36135.0,7
36136.0,12
36137.0,9
36138.0,7
36139.0,25
36140.0,31
36141.0,6
36142.0,4
36143.0,3
36145.0,5
36146.0,7
36147.0,3
36148.0,1
36149.0,52
36150.0,11
36151.0,15
36152.0,13
36153.0,14
36154.0,9
36155.0,17
36156.0,14
36157.0,8
36158.0,8
36159.0,5
36160.0,4
36161.0,15
36162.0,5
36163.0,5
36164.0,5
36165.0,15
36166.0,4
36167.0,5
36168.0,9
36169.0,4
36170.0,20
36171.0,17
36172.0,6
36173.0,7
36174.0,5
36175.0,16
36176.0,15
36177.0,6
36178.0,5
36179.0,10
36180.0,7
36181.0,21
36182.0,7
36183.0,14
36184.0,11
36185.0,6
36186.0,5
36187.0,18
36188.0,5
36189.0,16
36190.0,32
36191.0,10
36192.0,7
36193.0,12
36194.0,20
36195.0,14
36196.0,6
36197.0,3
36198.0,2
36199.0,15
36200.0,11
36201.0,22
36202.0,9
36203.0,20
36204.0,6
36205.0,11
36206.0,8
36207.0,12
36208.0,14
36209.0,9
36210.0,8
36211.0,14
36212.0,2
36213.0,6
36214.0,4
36215.0,9
36216.0,3
36217.0,1
36218.0,9
36219.0,3
36220.0,7
36221.0,33
36222.0,2
36223.0,83
36224.0,12
36225.0,3
36226.0,10
36227.0,5
36228.0,8
36229.0,6
36230.0,8
36231.0,13
36232.0,5
36233.0,5
36234.0,8
36235.0,7
36236.0,14
36237.0,1
36238.0,6
36239.0,9
36240.0,7
36241.0,7
36242.0,4
36243.0,2
36244.0,7
36245.0,3
36246.0,6
36247.0,7
36248.0,5
36249.0,2
36250.0,7
36251.0,26
36252.0,8
36253.0,16
36254.0,4
36255.0,9
36256.0,19
36257.0,1
36258.0,15
36259.0,7
36260.0,19
36261.0,6
36262.0,9
36263.0,13
36264.0,3
36265.0,8
36266.0,12
36267.0,3
36268.0,10
36269.0,10
36270.0,12
36271.0,24
36272.0,13
36273.0,26
36274.0,5
36275.0,53
36276.0,21
36277.0,12
36278.0,20
36279.0,22
36280.0,9
36281.0,11
36282.0,17
36283.0,19
36284.0,11
36285.0,23
36286.0,6
36287.0,8
36288.0,6
36289.0,17
36290.0,5
36291.0,13
36292.0,7
36293.0,5
36294.0,8
36295.0,13
36296.0,10
36297.0,14
36298.0,2
36299.0,3
36300.0,16
36301.0,8
36302.0,4
36303.0,6
36304.0,6
36305.0,2
36306.0,4
36307.0,6
36308.0,5
36309.0,5
36310.0,8
36311.0,12
36312.0,11
36314.0,8
36315.0,7
36316.0,5
36317.0,2
36318.0,20
36319.0,45
36320.0,35
36321.0,16
36322.0,31
36323.0,31
36324.0,32
36325.0,23
36326.0,41
36327.0,40
36328.0,49
36329.0,18
36330.0,14
36331.0,22
36332.0,36
36333.0,15
36334.0,12
36335.0,27
36336.0,29
36337.0,17
36338.0,25
36339.0,14
36340.0,9
36341.0,17
36342.0,42
36343.0,62
36344.0,2
36345.0,18
36346.0,38
36347.0,29
36348.0,23
36349.0,27
36350.0,36
36351.0,27
36352.0,35
36353.0,29
36354.0,17
36355.0,26
36356.0,24
36357.0,25
36358.0,27
36359.0,29
36360.0,30
36361.0,30
36362.0,29
36363.0,30
36364.0,10
36365.0,27
36366.0,38
36367.0,29
36368.0,9
36369.0,16
36370.0,37
36371.0,24
36372.0,23
36373.0,18
36374.0,20
36375.0,27
36376.0,20
36377.0,19
36378.0,19
36379.0,38
36380.0,31
36381.0,11
36382.0,37
36383.0,16
36384.0,18
36385.0,13
36386.0,33
36387.0,17
36388.0,14
36389.0,20
36390.0,25
36391.0,25
36392.0,18
36393.0,15
36394.0,19
36395.0,11
36396.0,21
36397.0,18
36398.0,18
36399.0,21
36400.0,32
36401.0,10
36402.0,21
36403.0,22
36404.0,18
36405.0,21
36406.0,16
36407.0,20
36408.0,18
36409.0,16
36410.0,30
36411.0,17
36412.0,25
36413.0,17
36414.0,19
36415.0,22
36416.0,11
36417.0,20
36418.0,15
36419.0,20
36420.0,22
36421.0,24
36422.0,26
36423.0,19
36424.0,18
36425.0,19
36426.0,23
36427.0,21
36428.0,17
36429.0,10
36430.0,38
36431.0,17
36432.0,14
36433.0,20
36434.0,19
36435.0,26
36436.0,17
36437.0,13
36438.0,13
36439.0,22
36440.0,27
36441.0,21
36442.0,29
36443.0,8
36444.0,36
36445.0,26
36446.0,23
36447.0,20
36448.0,29
36449.0,31
36450.0,29
36451.0,21
36452.0,18
36453.0,19
36454.0,25
36455.0,18
36456.0,20
36457.0,24
36458.0,16
36459.0,26
36460.0,45
36461.0,28
36462.0,34
36463.0,38
36464.0,27
36465.0,29
36466.0,27
36467.0,25
36468.0,11
36469.0,17
36470.0,21
36471.0,22
36472.0,19
36473.0,18
36474.0,15
36475.0,34
36476.0,18
36477.0,31
36478.0,15
36479.0,23
36480.0,24
36481.0,26
36482.0,21
36483.0,16
36484.0,23
36485.0,26
36486.0,16
36487.0,22
36488.0,27
36489.0,27
36490.0,32
36491.0,25
36492.0,31
36493.0,28
36494.0,28
36495.0,28
36496.0,25
36497.0,23
36498.0,29
36499.0,33
36500.0,24
36501.0,31
36502.0,35
36503.0,22
36504.0,15
36505.0,29
36506.0,23
36507.0,18
36508.0,32
36509.0,28
36510.0,32
36511.0,44
36512.0,14
36513.0,16
36514.0,42
36515.0,27
36516.0,27
36517.0,33
36518.0,25
36519.0,21
36520.0,29
36521.0,24
36522.0,27
36523.0,16
36524.0,22
36525.0,40
36526.0,22
36527.0,25
36528.0,31
36529.0,20
36530.0,30
36531.0,33
36532.0,21
36533.0,35
36534.0,18
36535.0,36
36536.0,27
36537.0,20
36538.0,26
36539.0,19
36540.0,25
36541.0,10
36542.0,9
36543.0,6
36544.0,8
36545.0,4
36546.0,8
36547.0,7
36548.0,12
36549.0,8
36550.0,18
36551.0,10
36552.0,54
36553.0,4
36554.0,32
36555.0,67
36556.0,22
36557.0,56
36558.0,54
36559.0,43
36560.0,48
36561.0,51
36562.0,46
36563.0,6
36564.0,9
36565.0,17
36566.0,7
36567.0,7
36568.0,10
36569.0,3
36570.0,16
36571.0,11
36572.0,10
36573.0,7
36574.0,10
36575.0,5
36576.0,3
36577.0,3
36578.0,8
36579.0,8
36580.0,22
36581.0,16
36582.0,36
36583.0,15
36584.0,5
36585.0,13
36586.0,7
36587.0,9
36588.0,12
36589.0,6
36590.0,14
36591.0,9
36592.0,7
36593.0,11
36594.0,5
36595.0,15
36596.0,9
36597.0,8
36598.0,8
36599.0,7
36600.0,10
36601.0,10
36602.0,16
36603.0,17
36604.0,8
36605.0,7
36606.0,6
36607.0,13
36608.0,15
36609.0,2
36610.0,15
36611.0,16
36612.0,15
36613.0,4
36614.0,14
36615.0,10
36616.0,12
36617.0,12
36618.0,16
36619.0,12
36620.0,35
36621.0,29
36622.0,22
36623.0,21
36624.0,14
36625.0,4
36626.0,3
36627.0,2
36628.0,7
36629.0,1
36630.0,50
36631.0,21
36632.0,16
36633.0,25
36634.0,16
36635.0,7
36636.0,12
36637.0,25
36638.0,7
36639.0,7
36640.0,8
36641.0,32
36642.0,16
36643.0,21
36644.0,12
36645.0,22
36646.0,25
36647.0,6
36648.0,8
36649.0,6
36650.0,31
36651.0,23
36652.0,25
36653.0,11
36654.0,19
36655.0,19
36656.0,15
36657.0,16
36658.0,10
36659.0,14
36660.0,15
36661.0,12
36662.0,19
36663.0,7
36664.0,10
36665.0,5
36666.0,18
36667.0,14
36668.0,12
36669.0,4
36670.0,14
36671.0,26
36672.0,19
36673.0,4
36674.0,8
36675.0,21
36676.0,4
36677.0,11
36678.0,18
36679.0,7
36680.0,24
36681.0,11
36682.0,9
36683.0,33
36684.0,14
36685.0,15
36686.0,14
36687.0,12
36688.0,11
36689.0,9
36690.0,25
36691.0,6
36692.0,36
36693.0,8
36694.0,19
36695.0,13
36696.0,10
36697.0,9
36698.0,20
36699.0,15
36700.0,20
36701.0,25
36702.0,32
36703.0,17
36704.0,20
36705.0,15
36706.0,15
36707.0,22
36708.0,8
36709.0,23
36710.0,22
36711.0,15
36712.0,18
36713.0,21
36714.0,23
36715.0,31
36716.0,22
36717.0,14
36718.0,9
36719.0,30
36720.0,14
36721.0,12
36722.0,17
36723.0,17
36724.0,21
36725.0,8
36726.0,11
36727.0,6
36728.0,12
36729.0,11
36730.0,16
36731.0,20
36732.0,9
36733.0,12
36734.0,15
36735.0,20
36736.0,11
36737.0,19
36738.0,11
36739.0,19
36740.0,13
36741.0,9
36742.0,32
36743.0,17
36744.0,10
36745.0,15
36746.0,7
36747.0,15
36748.0,9
36749.0,9
36750.0,20
36751.0,12
36752.0,10
36753.0,35
36754.0,22
36755.0,7
36756.0,41
36757.0,7
36758.0,12
36759.0,12
36760.0,27
36761.0,14
36762.0,18
36763.0,9
36764.0,6
36765.0,15
36766.0,16
36767.0,4
36768.0,17
36769.0,21
36770.0,16
36771.0,23
36772.0,21
36773.0,12
36774.0,16
36775.0,15
36776.0,13
36777.0,17
36778.0,18
36779.0,22
36780.0,16
36781.0,12
36782.0,14
36783.0,15
36784.0,4
36785.0,9
36786.0,16
36787.0,30
36788.0,13
36789.0,7
36790.0,24
36791.0,15
36792.0,20
36793.0,32
36794.0,9
36795.0,17
36796.0,24
36797.0,25
36798.0,6
36799.0,5
36800.0,17
36801.0,21
36802.0,22
36803.0,15
36804.0,13
36805.0,36
36806.0,15
36807.0,9
36808.0,8
36809.0,19
36810.0,21
36811.0,16
36812.0,21
36813.0,23
36814.0,21
36815.0,19
36816.0,17
36817.0,22
36818.0,33
36819.0,25
36820.0,20
36821.0,24
36822.0,40
36823.0,23
36824.0,23
36825.0,23
36826.0,7
36827.0,12
36828.0,20
36829.0,10
36830.0,18
36831.0,19
36832.0,14
36833.0,22
36834.0,19
36835.0,23
36836.0,22
36837.0,30
36838.0,11
36839.0,11
36840.0,23
36841.0,17
36842.0,37
36843.0,16
36844.0,14
36845.0,17
36846.0,10
36847.0,5
36848.0,8
36849.0,11
36850.0,24
36851.0,23
36852.0,15
36853.0,11
36854.0,25
36855.0,18
36856.0,14
36857.0,14
36858.0,34
36859.0,35
36860.0,26
36861.0,14
36862.0,33
36863.0,12
36864.0,7
36865.0,24
36866.0,15
36867.0,12
36868.0,11
36869.0,11
36870.0,29
36871.0,16
36872.0,28
36873.0,18
36874.0,19
36875.0,12
36876.0,6
36877.0,35
36878.0,17
36879.0,11
36880.0,24
36881.0,25
36882.0,19
36883.0,12
36884.0,16
36885.0,11
36886.0,16
36887.0,14
36888.0,23
36889.0,15
36890.0,23
36891.0,24
36892.0,7
36893.0,12
36894.0,6
36895.0,17
36896.0,15
36897.0,12
36898.0,6
36899.0,10
36900.0,18
36901.0,10
36902.0,18
36903.0,10
36904.0,5
36905.0,10
36906.0,13
36907.0,10
36908.0,6
36909.0,17
36910.0,27
36911.0,24
36912.0,10
36913.0,3
36914.0,21
36915.0,21
36916.0,18
36917.0,15
36918.0,14
36919.0,16
36920.0,26
36921.0,10
36922.0,14
36923.0,26
36924.0,4
36925.0,14
36926.0,4
36927.0,12
36928.0,18
36929.0,9
36930.0,19
36931.0,14
36932.0,16
36933.0,13
36934.0,5
36935.0,11
36936.0,4
36937.0,6
36938.0,24
36939.0,9
36940.0,17
36941.0,22
36942.0,25
36943.0,8
36944.0,21
36945.0,15
36946.0,20
36947.0,5
36948.0,6
36949.0,9
36950.0,28
36951.0,15
36952.0,9
36953.0,11
36954.0,11
36955.0,16
36956.0,33
36957.0,14
36958.0,18
36959.0,14
36960.0,28
36961.0,13
36962.0,12
36963.0,5
36964.0,10
36965.0,15
36966.0,20
36967.0,5
36968.0,14
36969.0,12
36970.0,25
36971.0,23
36972.0,7
36973.0,14
36974.0,23
36975.0,24
36976.0,18
36977.0,23
36978.0,15
36979.0,7
36980.0,35
36981.0,17
36982.0,21
36983.0,12
36984.0,12
36985.0,16
36986.0,24
36987.0,9
36988.0,22
36989.0,10
36990.0,23
36991.0,15
36992.0,16
36993.0,12
36994.0,13
36995.0,15
36996.0,25
36997.0,7
36998.0,8
36999.0,17
37000.0,29
37001.0,12
37002.0,12
37003.0,4
37004.0,8
37005.0,24
37006.0,12
37007.0,2
37008.0,18
37009.0,19
37010.0,10
37011.0,12
37012.0,11
37013.0,3
37014.0,7
37015.0,25
37016.0,17
37017.0,3
37018.0,10
37019.0,10
37020.0,18
37021.0,13
37022.0,16
37023.0,6
37024.0,14
37025.0,13
37026.0,13
37027.0,9
37028.0,12
37029.0,14
37030.0,24
37031.0,19
37032.0,15
37033.0,13
37034.0,16
37035.0,16
37036.0,10
37037.0,10
37038.0,16
37039.0,17
37040.0,9
37041.0,29
37042.0,16
37043.0,14
37044.0,16
37045.0,19
37046.0,21
37047.0,25
37048.0,23
37049.0,22
37050.0,49
37051.0,22
37052.0,9
37053.0,11
37054.0,22
37055.0,29
37056.0,26
37057.0,20
37058.0,23
37059.0,7
37060.0,41
37061.0,18
37062.0,58
37063.0,7
37064.0,30
37065.0,17
37066.0,23
37067.0,9
37068.0,13
37069.0,14
37070.0,14
37071.0,15
37072.0,19
37073.0,24
37074.0,14
37075.0,14
37076.0,13
37077.0,14
37078.0,14
37079.0,6
37080.0,19
37081.0,10
37082.0,19
37083.0,7
37084.0,9
37085.0,17
37086.0,5
37087.0,14
37088.0,7
37089.0,13
37090.0,19
37091.0,18
37092.0,5
37093.0,19
37094.0,20
37095.0,26
37096.0,2
37097.0,16
37098.0,19
37099.0,13
37100.0,17
37101.0,15
37102.0,15
37103.0,15
37104.0,13
37105.0,13
37106.0,11
37107.0,14
37108.0,7
37109.0,7
37110.0,17
37111.0,18
37112.0,12
37113.0,4
37114.0,13
37115.0,6
37116.0,31
37117.0,7
37118.0,20
37119.0,7
37120.0,9
37121.0,12
37122.0,18
37123.0,8
37124.0,5
37125.0,7
37126.0,11
37127.0,6
37128.0,6
37129.0,6
37130.0,9
37131.0,19
37132.0,7
37133.0,17
37134.0,16
37135.0,25
37136.0,20
37137.0,11
37138.0,8
37139.0,2
37140.0,22
37141.0,18
37142.0,11
37143.0,22
37144.0,11
37145.0,21
37146.0,18
37147.0,7
37148.0,7
37149.0,21
37150.0,29
37151.0,13
37152.0,14
37153.0,12
37154.0,30
37155.0,27
37156.0,20
37157.0,16
37158.0,14
37159.0,12
37160.0,16
37161.0,14
37162.0,20
37163.0,23
37164.0,15
37165.0,29
37166.0,4
37167.0,7
37168.0,26
37169.0,41
37170.0,20
37171.0,14
37172.0,13
37173.0,7
37174.0,11
37175.0,12
37176.0,7
37177.0,17
37178.0,20
37179.0,14
37180.0,14
37181.0,33
37182.0,11
37183.0,7
37184.0,30
37185.0,14
37186.0,17
37187.0,12
37188.0,4
37189.0,23
37190.0,18
37191.0,12
37192.0,4
37193.0,6
37194.0,13
37195.0,12
37196.0,34
37197.0,14
37198.0,6
37199.0,2
37200.0,7
37201.0,12
37202.0,30
37203.0,12
37204.0,12
37205.0,10
37206.0,9
37207.0,16
37208.0,21
37209.0,16
37210.0,26
37211.0,21
37212.0,20
37213.0,9
37214.0,9
37215.0,38
37216.0,35
37217.0,36
37218.0,20
37219.0,30
37220.0,21
37221.0,13
37222.0,29
37223.0,22
37224.0,14
37225.0,20
37226.0,13
37227.0,24
37228.0,12
37229.0,22
37230.0,16
37231.0,22
37232.0,18
37233.0,10
37234.0,6
37235.0,9
37236.0,17
37237.0,19
37238.0,26
37239.0,20
37240.0,35
37241.0,13
37242.0,15
37243.0,26
37244.0,29
37245.0,24
37246.0,43
37247.0,41
37248.0,27
37249.0,21
37250.0,22
37251.0,23
37252.0,35
37253.0,15
37254.0,26
37255.0,27
37256.0,29
37257.0,30
37258.0,28
37259.0,23
37260.0,44
37261.0,25
37262.0,37
37263.0,31
37264.0,48
37265.0,17
37266.0,17
37267.0,11
37268.0,26
37269.0,7
37270.0,12
37271.0,7
37272.0,46
37273.0,26
37274.0,36
37275.0,31
37276.0,12
37277.0,22
37278.0,19
37279.0,27
37280.0,32
37281.0,35
37282.0,26
37283.0,38
37284.0,28
37285.0,17
37286.0,31
37287.0,16
37288.0,41
37289.0,30
37290.0,33
37291.0,33
37292.0,31
37293.0,35
37294.0,29
37295.0,27
37296.0,25
37297.0,24
37298.0,28
37299.0,36
37300.0,40
37301.0,31
37302.0,28
37303.0,38
37304.0,19
37305.0,23
37306.0,28
37307.0,25
37308.0,25
37309.0,20
37310.0,44
37311.0,24
37312.0,16
37313.0,27
37314.0,46
37315.0,39
37316.0,23
37317.0,13
37318.0,27
37319.0,30
37320.0,21
37321.0,23
37322.0,21
37323.0,24
37324.0,24
37325.0,25
37326.0,34
37327.0,39
37328.0,37
37329.0,25
37330.0,34
37331.0,31
37332.0,29
37333.0,18
37334.0,24
37335.0,38
37336.0,48
37337.0,29
37338.0,19
37339.0,39
37340.0,44
37341.0,35
37342.0,53
37343.0,28
37344.0,22
37345.0,29
37346.0,37
37347.0,21
37348.0,17
37349.0,23
37350.0,26
37351.0,23
37352.0,31
37353.0,33
37354.0,33
37355.0,17
37356.0,39
37357.0,26
37358.0,54
37359.0,26
37360.0,16
37361.0,21
37362.0,21
37363.0,27
37364.0,17
37365.0,13
37366.0,29
37367.0,11
37368.0,6
37369.0,22
37370.0,18
37371.0,40
37372.0,19
37373.0,27
37374.0,21
37375.0,17
37376.0,23
37377.0,25
37378.0,17
37379.0,14
37380.0,32
37381.0,26
37382.0,21
37383.0,21
37384.0,28
37385.0,12
37386.0,20
37387.0,30
37388.0,21
37389.0,21
37390.0,38
37391.0,18
37392.0,16
37393.0,11
37394.0,42
37395.0,27
37396.0,28
37397.0,23
37398.0,34
37399.0,20
37400.0,43
37401.0,16
37402.0,18
37403.0,25
37404.0,29
37405.0,29
37406.0,34
37407.0,22
37408.0,21
37409.0,33
37410.0,29
37411.0,30
37412.0,29
37413.0,23
37414.0,26
37415.0,21
37416.0,24
37417.0,26
37418.0,18
37419.0,15
37420.0,28
37421.0,53
37422.0,49
37423.0,36
37424.0,16
37425.0,7
37426.0,34
37427.0,43
37428.0,38
37429.0,29
37430.0,37
37431.0,38
37432.0,26
37433.0,30
37434.0,28
37435.0,25
37436.0,19
37437.0,24
37438.0,33
37439.0,33
37440.0,27
37441.0,31
37442.0,24
37443.0,21
37444.0,21
37445.0,30
37446.0,30
37447.0,28
37448.0,32
37449.0,33
37450.0,37
37451.0,25
37452.0,24
37453.0,38
37454.0,28
37455.0,33
37456.0,25
37457.0,52
37458.0,37
37459.0,36
37460.0,51
37461.0,21
37462.0,51
37463.0,41
37464.0,37
37465.0,31
37466.0,28
37467.0,30
37468.0,40
37469.0,33
37470.0,32
37471.0,36
37472.0,31
37473.0,39
37474.0,36
37475.0,29
37476.0,30
37477.0,46
37478.0,38
37479.0,32
37480.0,35
37481.0,27
37482.0,35
37483.0,34
37484.0,25
37485.0,20
37486.0,33
37487.0,40
37488.0,25
37489.0,22
37490.0,29
37491.0,25
37492.0,16
37493.0,25
37494.0,38
37495.0,31
37496.0,40
37497.0,43
37498.0,20
37499.0,25
37500.0,30
37501.0,26
37502.0,33
37503.0,29
37504.0,37
37505.0,39
37506.0,26
37507.0,29
37508.0,21
37509.0,23
37510.0,40
37511.0,37
37512.0,54
37513.0,30
37514.0,21
37515.0,49
37516.0,25
37517.0,32
37518.0,21
37519.0,51
37520.0,34
37521.0,28
37522.0,25
37523.0,37
37524.0,47
37525.0,44
37526.0,36
37527.0,32
37528.0,51
37529.0,29
37530.0,39
37531.0,42
37532.0,31
37533.0,13
37534.0,24
37535.0,36
37536.0,24
37537.0,16
37538.0,36
37539.0,24
37540.0,33
37541.0,38
37542.0,52
37543.0,24
37544.0,30
37545.0,28
37546.0,35
37547.0,44
37548.0,33
37549.0,29
37550.0,29
37551.0,32
37552.0,26
37553.0,32
37554.0,28
37555.0,27
37556.0,31
37557.0,22
37558.0,23
37559.0,9
37560.0,23
37561.0,9
37562.0,19
37563.0,17
37564.0,21
37565.0,14
37566.0,19
37567.0,11
37568.0,17
37569.0,10
37570.0,34
37571.0,39
37572.0,22
37573.0,18
37574.0,19
37575.0,26
37576.0,28
37577.0,11
37578.0,22
37579.0,28
37580.0,25
37581.0,24
37582.0,29
37583.0,19
37584.0,14
37585.0,37
37586.0,8
37587.0,11
37588.0,18
37589.0,23
37590.0,20
37591.0,18
37592.0,30
37593.0,19
37594.0,20
37595.0,25
37596.0,18
37597.0,13
37598.0,19
37599.0,22
37600.0,27
37601.0,9
37602.0,15
37603.0,24
37604.0,18
37605.0,23
37606.0,15
37607.0,29
37608.0,19
37609.0,30
37610.0,25
37611.0,31
37612.0,21
37613.0,25
37614.0,19
37615.0,31
37616.0,24
37617.0,17
37618.0,29
37619.0,25
37620.0,17
37621.0,30
37622.0,25
37623.0,24
37624.0,21
37625.0,21
37626.0,24
37627.0,27
37628.0,21
37629.0,15
37630.0,34
37631.0,36
37632.0,46
37633.0,42
37634.0,35
37635.0,28
37636.0,32
37637.0,23
37638.0,27
37639.0,19
37640.0,33
37641.0,25
37642.0,25
37643.0,28
37644.0,29
37645.0,18
37646.0,3
37647.0,5
37648.0,9
37649.0,59
37650.0,21
37651.0,22
37652.0,28
37653.0,31
37654.0,30
37655.0,22
37656.0,21
37657.0,26
37658.0,24
37659.0,18
37660.0,31
37661.0,34
37662.0,62
37663.0,23
37664.0,83
37665.0,19
37666.0,18
37667.0,16
37668.0,23
37669.0,23
37670.0,22
37671.0,30
37672.0,20
37673.0,19
37674.0,29
37675.0,28
37676.0,28
37677.0,20
37678.0,30
37679.0,21
37680.0,16
37681.0,24
37682.0,13
37683.0,8
37684.0,21
37685.0,43
37686.0,28
37687.0,29
37688.0,31
37689.0,21
37690.0,42
37691.0,35
37692.0,27
37693.0,28
37694.0,42
37695.0,38
37696.0,28
37697.0,31
37698.0,33
37699.0,29
37700.0,34
37701.0,31
37702.0,42
37703.0,21
37704.0,18
37705.0,39
37706.0,6
37707.0,6
37708.0,11
37709.0,14
37710.0,22
37711.0,9
37712.0,9
37713.0,11
37714.0,4
37715.0,17
37716.0,11
37717.0,8
37718.0,11
37719.0,11
37720.0,16
37721.0,8
37722.0,15
37723.0,1
37724.0,10
37725.0,2
37726.0,41
37727.0,12
37728.0,10
37729.0,43
37730.0,18
37731.0,25
37732.0,13
37733.0,2
37734.0,11
37735.0,10
37736.0,12
37737.0,11
37738.0,4
37739.0,5
37740.0,12
37741.0,7
37742.0,5
37743.0,11
37744.0,14
37745.0,3
37746.0,6
37747.0,7
37748.0,16
37749.0,9
37750.0,13
37751.0,20
37752.0,20
37753.0,33
37754.0,27
37755.0,22
37756.0,35
37757.0,37
37758.0,28
37759.0,16
37760.0,42
37761.0,16
37762.0,22
37763.0,31
37764.0,21
37765.0,11
37766.0,29
37767.0,32
37768.0,42
37769.0,36
37770.0,50
37771.0,23
37772.0,24
37773.0,19
37774.0,24
37775.0,8
37776.0,15
37777.0,5
37778.0,9
37779.0,12
37780.0,17
37781.0,21
37782.0,32
37783.0,38
37784.0,33
37785.0,26
37786.0,29
37787.0,32
37788.0,9
37789.0,9
37790.0,28
37791.0,11
37792.0,13
37793.0,10
37794.0,17
37795.0,24
37796.0,17
37797.0,17
37798.0,4
37799.0,22
37800.0,22
37801.0,2
37802.0,6
37803.0,10
37804.0,28
37805.0,4
37806.0,11
37807.0,19
37808.0,16
37809.0,5
37810.0,15
37811.0,19
37812.0,9
37813.0,12
37814.0,14
37815.0,20
37816.0,9
37817.0,9
37818.0,13
37819.0,9
37820.0,16
37821.0,20
37822.0,21
37823.0,12
37824.0,3
37825.0,6
37826.0,13
37827.0,11
37828.0,8
37829.0,4
37830.0,10
37831.0,12
37832.0,8
37833.0,11
37834.0,3
37835.0,14
37836.0,8
37837.0,2
37838.0,3
37839.0,12
37840.0,10
37841.0,3
37842.0,1
37843.0,1
37844.0,27
37845.0,7
37846.0,8
37847.0,5
37848.0,8
37849.0,3
37850.0,5
37851.0,22
37852.0,9
37853.0,9
37854.0,16
37855.0,14
37856.0,15
37857.0,7
37858.0,15
37859.0,6
37860.0,12
37861.0,7
37862.0,7
37863.0,11
37864.0,7
37865.0,4
37866.0,7
37867.0,27
37868.0,9
37869.0,8
37870.0,22
37871.0,12
37872.0,3
37873.0,17
37874.0,22
37875.0,20
37876.0,17
37877.0,11
37878.0,7
37879.0,9
37880.0,19
37881.0,15
37882.0,21
37883.0,11
37884.0,5
37885.0,10
37886.0,18
37887.0,15
37888.0,12
37889.0,17
37890.0,14
37891.0,15
37892.0,11
37893.0,4
37894.0,13
37895.0,19
37896.0,1
37897.0,3
37898.0,12
37899.0,9
37900.0,29
37901.0,10
37902.0,29
37903.0,5
37904.0,16
37905.0,9
37906.0,6
37907.0,3
37908.0,2
37909.0,9
37910.0,13
37911.0,9
37912.0,9
37913.0,6
37914.0,8
37915.0,13
37916.0,7
37917.0,5
37918.0,12
37919.0,3
37920.0,9
37921.0,5
37922.0,16
37923.0,5
37924.0,14
37925.0,14
37926.0,7
37927.0,10
37928.0,9
37929.0,6
37930.0,27
37931.0,27
37932.0,21
37933.0,22
37934.0,14
37935.0,15
37936.0,22
37937.0,17
37938.0,24
37939.0,24
37940.0,29
37941.0,13
37942.0,22
37943.0,18
37944.0,8
37945.0,8
37946.0,13
37947.0,6
37948.0,10
37949.0,3
37950.0,15
37951.0,8
37952.0,4
37953.0,6
37954.0,11
37955.0,23
37956.0,9
37957.0,1
37958.0,9
37959.0,1
37960.0,17
37961.0,8
37962.0,18
37963.0,4
37964.0,9
37965.0,5
37966.0,3
37967.0,8
37968.0,2
37969.0,2
37970.0,8
37971.0,6
37972.0,4
37973.0,7
37974.0,15
37975.0,8
37976.0,9
37977.0,11
37978.0,18
37979.0,6
37980.0,14
37981.0,4
37982.0,11
37983.0,9
37984.0,8
37985.0,7
37986.0,11
37987.0,5
37988.0,10
37989.0,1
37990.0,15
37991.0,18
37992.0,66
37993.0,21
37994.0,74
37995.0,44
37996.0,57
37997.0,61
37998.0,50
37999.0,56
38000.0,46
38001.0,8
38002.0,16
38003.0,5
38004.0,14
38005.0,12
38006.0,7
38007.0,5
38008.0,11
38009.0,5
38010.0,15
38011.0,11
38012.0,15
38013.0,11
38014.0,8
38015.0,5
38016.0,6
38017.0,3
38018.0,9
38019.0,3
38020.0,26
38021.0,18
38022.0,31
38023.0,6
38024.0,8
38025.0,15
38026.0,18
38027.0,10
38028.0,10
38029.0,12
38030.0,16
38031.0,10
38032.0,5
38033.0,17
38034.0,16
38035.0,10
38036.0,10
38037.0,21
38038.0,5
38039.0,6
38040.0,22
38041.0,3
38042.0,16
38043.0,7
38044.0,10
38045.0,15
38046.0,19
38047.0,8
38048.0,10
38049.0,13
38050.0,22
38051.0,17
38052.0,15
38053.0,15
38054.0,14
38055.0,15
38056.0,10
38057.0,9
38058.0,15
38059.0,11
38060.0,20
38061.0,20
38062.0,12
38063.0,16
38064.0,9
38065.0,10
38066.0,15
38067.0,7
38068.0,5
38069.0,4
38070.0,19
38071.0,8
38072.0,7
38073.0,6
38074.0,15
38075.0,11
38076.0,9
38077.0,6
38078.0,13
38079.0,12
38080.0,18
38081.0,2
38082.0,14
38083.0,3
38084.0,11
38085.0,7
38086.0,5
38087.0,5
38088.0,8
38089.0,8
38090.0,12
38091.0,11
38092.0,8
38093.0,1
38094.0,5
38095.0,9
38096.0,4
38097.0,11
38098.0,7
38099.0,5
38100.0,13
38101.0,6
38102.0,15
38103.0,3
38104.0,3
38105.0,7
38106.0,10
38107.0,10
38108.0,4
38109.0,6
38110.0,29
38111.0,16
38112.0,10
38113.0,19
38114.0,26
38115.0,13
38116.0,11
38117.0,16
38118.0,12
38119.0,12
38120.0,24
38121.0,8
38122.0,18
38123.0,18
38124.0,12
38125.0,15
38126.0,8
38127.0,11
38128.0,15
38129.0,3
38130.0,13
38131.0,19
38132.0,7
38133.0,7
38134.0,3
38135.0,7
38136.0,11
38137.0,14
38138.0,5
38139.0,5
38140.0,14
38141.0,11
38142.0,26
38143.0,11
38144.0,2
38145.0,4
38146.0,7
38147.0,12
38148.0,9
38149.0,7
38150.0,11
38151.0,10
38152.0,6
38153.0,5
38154.0,8
38155.0,13
38156.0,8
38157.0,19
38158.0,26
38159.0,8
38160.0,8
38161.0,6
38162.0,5
38163.0,14
38164.0,15
38165.0,3
38166.0,10
38167.0,15
38168.0,3
38169.0,6
38170.0,20
38171.0,17
38172.0,5
38173.0,11
38174.0,12
38175.0,15
38176.0,12
38177.0,23
38178.0,6
38179.0,3
38180.0,8
38181.0,2
38182.0,23
38183.0,13
38184.0,1
38185.0,16
38186.0,7
38187.0,3
38188.0,3
38189.0,9
38190.0,13
38191.0,12
38192.0,9
38193.0,5
38194.0,10
38195.0,9
38196.0,13
38197.0,4
38198.0,12
38199.0,7
38200.0,9
38201.0,9
38202.0,12
38203.0,11
38204.0,16
38205.0,4
38206.0,14
38207.0,15
38208.0,9
38209.0,9
38210.0,10
38211.0,26
38212.0,11
38213.0,5
38214.0,12
38215.0,12
38216.0,7
38217.0,13
38218.0,13
38219.0,6
38220.0,8
38221.0,15
38222.0,41
38223.0,18
38224.0,1
38225.0,4
38226.0,12
38227.0,25
38228.0,8
38229.0,12
38230.0,26
38231.0,27
38232.0,18
38233.0,15
38234.0,20
38235.0,12
38236.0,33
38237.0,2
38238.0,3
38239.0,11
38240.0,28
38241.0,14
38242.0,8
38243.0,13
38244.0,8
38245.0,10
38246.0,9
38247.0,3
38248.0,13
38249.0,1
38250.0,16
38251.0,6
38252.0,20
38253.0,16
38254.0,10
38255.0,8
38256.0,9
38257.0,16
38258.0,16
38259.0,24
38260.0,20
38261.0,43
38262.0,55
38263.0,13
38264.0,2
38265.0,11
38266.0,24
38267.0,27
38268.0,7
38269.0,10
38270.0,24
38271.0,16
38272.0,8
38273.0,4
38274.0,9
38275.0,9
38276.0,16
38277.0,11
38278.0,3
38279.0,11
38280.0,10
38281.0,18
38282.0,8
38283.0,12
38284.0,9
38285.0,22
38286.0,12
38287.0,15
38288.0,13
38289.0,10
38290.0,27
38291.0,19
38292.0,20
38293.0,14
38294.0,18
38295.0,23
38296.0,16
38297.0,16
38298.0,14
38299.0,12
38300.0,20
38301.0,32
38302.0,15
38303.0,7
38304.0,8
38305.0,18
38306.0,4
38307.0,5
38308.0,2
38309.0,20
38310.0,22
38311.0,5
38312.0,10
38313.0,5
38314.0,10
38315.0,18
38316.0,12
38317.0,8
38318.0,11
38319.0,8
38320.0,11
38321.0,5
38322.0,6
38323.0,11
38324.0,12
38325.0,13
38326.0,5
38327.0,9
38328.0,9
38329.0,7
38330.0,9
38331.0,13
38332.0,3
38333.0,12
38334.0,3
38335.0,8
38336.0,5
38337.0,14
38338.0,6
38339.0,4
38340.0,6
38341.0,9
38342.0,9
38343.0,5
38344.0,12
38345.0,3
38346.0,7
38347.0,7
38348.0,5
38349.0,10
38350.0,8
38351.0,23
38352.0,19
38353.0,12
38354.0,15
38355.0,18
38356.0,14
38357.0,8
38358.0,5
38359.0,4
38360.0,19
38361.0,15
38362.0,27
38363.0,11
38364.0,7
38365.0,15
38366.0,17
38367.0,7
38368.0,6
38369.0,4
38370.0,15
38371.0,13
38372.0,17
38373.0,11
38374.0,7
38375.0,19
38376.0,14
38377.0,6
38378.0,18
38379.0,3
38380.0,28
38381.0,6
38382.0,28
38383.0,11
38384.0,15
38385.0,5
38386.0,14
38387.0,11
38388.0,8
38389.0,14
38390.0,16
38391.0,14
38392.0,12
38393.0,9
38394.0,23
38395.0,10
38396.0,9
38397.0,13
38398.0,13
38399.0,6
38400.0,13
38401.0,10
38402.0,12
38403.0,9
38404.0,9
38405.0,8
38406.0,13
38407.0,7
38408.0,7
38409.0,15
38410.0,27
38411.0,26
38412.0,5
38413.0,6
38414.0,11
38415.0,38
38416.0,14
38417.0,6
38418.0,14
38419.0,15
38420.0,20
38421.0,30
38422.0,25
38423.0,8
38424.0,12
38425.0,14
38426.0,17
38427.0,18
38428.0,8
38429.0,11
38430.0,19
38431.0,16
38432.0,11
38433.0,12
38434.0,8
38435.0,10
38436.0,4
38437.0,1
38438.0,11
38439.0,9
38440.0,17
38441.0,14
38442.0,8
38443.0,2
38444.0,17
38445.0,9
38446.0,5
38447.0,4
38448.0,14
38449.0,10
38450.0,13
38451.0,11
38452.0,8
38453.0,6
38454.0,15
38455.0,24
38456.0,11
38457.0,12
38458.0,7
38459.0,5
38460.0,11
38461.0,13
38462.0,14
38463.0,1
38464.0,10
38465.0,12
38466.0,14
38467.0,10
38468.0,13
38469.0,3
38470.0,19
38471.0,16
38472.0,11
38473.0,8
38474.0,23
38475.0,24
38476.0,6
38477.0,7
38478.0,3
38479.0,17
38480.0,25
38481.0,9
38482.0,23
38483.0,23
38484.0,12
38485.0,9
38486.0,18
38487.0,18
38488.0,22
38489.0,22
38490.0,26
38491.0,15
38492.0,11
38493.0,1
38494.0,3
38495.0,15
38496.0,11
38497.0,9
38498.0,14
38499.0,3
38500.0,15
38501.0,13
38502.0,56
38503.0,11
38504.0,9
38505.0,22
38506.0,10
38507.0,3
38508.0,11
38509.0,16
38510.0,22
38511.0,13
38512.0,20
38513.0,1
38514.0,8
38515.0,13
38516.0,8
38517.0,13
38518.0,2
38519.0,5
38520.0,12
38521.0,6
38522.0,7
38523.0,10
38524.0,8
38525.0,15
38526.0,6
38527.0,4
38528.0,4
38529.0,6
38530.0,18
38531.0,16
38532.0,5
38533.0,3
38534.0,12
38535.0,22
38536.0,12
38537.0,11
38538.0,10
38539.0,11
38540.0,24
38541.0,11
38542.0,14
38543.0,8
38544.0,29
38545.0,20
38546.0,4
38547.0,8
38548.0,3
38549.0,4
38550.0,19
38551.0,14
38552.0,8
38553.0,8
38554.0,11
38555.0,13
38556.0,12
38557.0,17
38558.0,10
38559.0,7
38560.0,17
38561.0,6
38562.0,11
38563.0,16
38564.0,15
38565.0,11
38566.0,23
38567.0,7
38568.0,11
38569.0,6
38570.0,15
38571.0,15
38572.0,4
38573.0,8
38574.0,13
38575.0,22
38576.0,5
38577.0,23
38578.0,9
38579.0,14
38580.0,12
38581.0,8
38582.0,14
38583.0,7
38584.0,5
38585.0,10
38586.0,2
38587.0,4
38588.0,5
38589.0,8
38590.0,23
38591.0,20
38592.0,6
38593.0,9
38594.0,10
38595.0,17
38596.0,12
38597.0,1
38598.0,3
38599.0,10
38600.0,17
38601.0,14
38602.0,22
38603.0,23
38604.0,2
38605.0,21
38606.0,4
38607.0,5
38608.0,6
38609.0,19
38610.0,14
38611.0,13
38612.0,3
38613.0,3
38614.0,8
38615.0,5
38616.0,4
38617.0,6
38618.0,11
38619.0,10
38620.0,19
38621.0,9
38622.0,19
38623.0,9
38624.0,23
38625.0,11
38626.0,20
38627.0,17
38628.0,5
38629.0,13
38630.0,10
38631.0,10
38632.0,10
38633.0,8
38634.0,9
38635.0,18
38636.0,10
38637.0,17
38638.0,9
38639.0,11
38640.0,12
38641.0,14
38642.0,15
38643.0,12
38644.0,7
38645.0,15
38646.0,23
38647.0,10
38648.0,11
38649.0,10
38650.0,39
38651.0,37
38652.0,10
38653.0,19
38654.0,16
38655.0,26
38656.0,8
38657.0,14
38658.0,25
38659.0,28
38660.0,15
38661.0,7
38662.0,45
38663.0,12
38664.0,4
38665.0,22
38666.0,6
38667.0,3
38668.0,5
38669.0,6
38670.0,17
38671.0,11
38672.0,3
38673.0,5
38674.0,12
38675.0,9
38676.0,11
38677.0,12
38678.0,9
38679.0,8
38680.0,12
38681.0,14
38682.0,8
38683.0,13
38684.0,11
38685.0,8
38686.0,13
38687.0,17
38688.0,5
38689.0,11
38690.0,13
38691.0,13
38692.0,5
38693.0,13
38694.0,16
38695.0,11
38696.0,8
38697.0,17
38698.0,5
38699.0,13
38700.0,7
38701.0,10
38702.0,20
38703.0,14
38704.0,6
38705.0,8
38706.0,3
38707.0,6
38708.0,6
38709.0,2
38710.0,7
38711.0,28
38712.0,3
38713.0,8
38714.0,18
38715.0,14
38716.0,9
38717.0,3
38718.0,9
38719.0,13
38720.0,20
38721.0,8
38722.0,15
38723.0,16
38724.0,2
38725.0,11
38726.0,9
38727.0,12
38728.0,11
38729.0,8
38730.0,33
38731.0,16
38732.0,6
38733.0,14
38734.0,16
38735.0,9
38736.0,5
38737.0,16
38738.0,9
38739.0,20
38740.0,19
38741.0,25
38742.0,24
38743.0,22
38744.0,17
38745.0,18
38746.0,29
38747.0,16
38748.0,18
38749.0,11
38750.0,22
38751.0,21
38752.0,6
38753.0,13
38754.0,19
38755.0,20
38756.0,11
38757.0,18
38758.0,25
38759.0,16
38760.0,21
38761.0,22
38762.0,9
38763.0,9
38764.0,13
38765.0,11
38766.0,27
38767.0,21
38768.0,6
38769.0,20
38770.0,19
38771.0,17
38772.0,24
38773.0,16
38774.0,12
38775.0,25
38776.0,6
38777.0,6
38778.0,11
38779.0,15
38780.0,21
38781.0,3
38782.0,8
38783.0,11
38784.0,5
38785.0,12
38786.0,6
38787.0,2
38788.0,5
38789.0,4
38790.0,12
38791.0,16
38792.0,2
38794.0,6
38795.0,5
38796.0,4
38797.0,3
38798.0,4
38799.0,11
38800.0,13
38801.0,14
38802.0,9
38803.0,6
38804.0,7
38805.0,16
38806.0,13
38807.0,8
38808.0,4
38809.0,1
38810.0,12
38811.0,15
38812.0,20
38813.0,9
38814.0,15
38815.0,16
38816.0,4
38817.0,4
38818.0,16
38819.0,7
38820.0,12
38821.0,11
38822.0,7
38823.0,9
38824.0,5
38825.0,17
38826.0,5
38827.0,7
38828.0,3
38829.0,8
38830.0,27
38831.0,14
38832.0,14
38833.0,1
38834.0,13
38835.0,14
38836.0,7
38837.0,5
38838.0,16
38839.0,13
38840.0,17
38841.0,2
38842.0,10
38843.0,14
38844.0,2
38845.0,10
38846.0,18
38847.0,9
38848.0,6
38849.0,4
38850.0,20
38851.0,12
38852.0,22
38853.0,2
38854.0,5
38855.0,15
38856.0,9
38857.0,3
38858.0,11
38859.0,4
38860.0,19
38861.0,20
38862.0,44
38863.0,25
38864.0,13
38865.0,3
38866.0,7
38867.0,5
38868.0,6
38869.0,9
38870.0,8
38871.0,18
38872.0,5
38873.0,8
38874.0,2
38875.0,10
38876.0,4
38877.0,3
38878.0,15
38879.0,5
38880.0,7
38881.0,5
38882.0,7
38883.0,8
38884.0,8
38885.0,4
38886.0,10
38887.0,4
38888.0,6
38889.0,3
38890.0,17
38891.0,14
38892.0,3
38893.0,2
38894.0,18
38895.0,20
38896.0,10
38897.0,20
38898.0,13
38899.0,24
38900.0,27
38901.0,7
38902.0,22
38903.0,11
38904.0,6
38905.0,21
38906.0,25
38907.0,18
38908.0,10
38909.0,12
38910.0,33
38911.0,22
38912.0,20
38913.0,11
38914.0,16
38915.0,26
38916.0,28
38917.0,19
38918.0,18
38919.0,12
38920.0,27
38921.0,14
38922.0,12
38923.0,14
38924.0,6
38925.0,20
38926.0,18
38927.0,26
38928.0,6
38929.0,9
38930.0,41
38931.0,18
38932.0,6
38933.0,1
38934.0,12
38935.0,12
38936.0,15
38937.0,15
38938.0,19
38939.0,12
38940.0,15
38941.0,9
38942.0,8
38943.0,2
38944.0,4
38945.0,8
38946.0,15
38947.0,20
38948.0,4
38949.0,7
38950.0,13
38951.0,18
38952.0,8
38953.0,5
38954.0,7
38955.0,17
38956.0,10
38957.0,22
38958.0,6
38959.0,9
38960.0,13
38961.0,12
38962.0,19
38963.0,8
38964.0,9
38965.0,16
38966.0,7
38967.0,27
38968.0,12
38969.0,4
38970.0,24
38971.0,5
38972.0,20
38973.0,8
38974.0,16
38975.0,7
38976.0,4
38977.0,4
38978.0,11
38979.0,16
38980.0,25
38981.0,10
38982.0,31
38983.0,13
38984.0,23
38985.0,27
38986.0,28
38987.0,18
38988.0,25
38989.0,3
38990.0,42
38991.0,26
38992.0,16
38993.0,30
38994.0,26
38995.0,31
38996.0,15
38997.0,21
38998.0,26
38999.0,16
39000.0,20
39001.0,19
39002.0,24
39003.0,15
39004.0,16
39005.0,16
39006.0,15
39007.0,3
39008.0,5
39009.0,18
39010.0,34
39011.0,25
39012.0,10
39013.0,12
39014.0,13
39015.0,20
39016.0,13
39017.0,21
39018.0,24
39019.0,19
39020.0,13
39021.0,12
39022.0,25
39023.0,15
39024.0,6
39025.0,16
39026.0,12
39027.0,2
39028.0,2
39029.0,2
39030.0,13
39031.0,10
39032.0,8
39033.0,6
39034.0,14
39035.0,10
39036.0,9
39037.0,5
39038.0,6
39039.0,12
39040.0,13
39041.0,13
39042.0,7
39043.0,7
39044.0,4
39045.0,10
39046.0,9
39047.0,8
39048.0,9
39049.0,10
39050.0,10
39051.0,8
39052.0,4
39053.0,2
39054.0,8
39055.0,17
39056.0,4
39057.0,5
39058.0,5
39059.0,6
39060.0,12
39061.0,9
39062.0,14
39063.0,11
39064.0,12
39065.0,6
39066.0,5
39067.0,6
39068.0,5
39069.0,5
39070.0,19
39071.0,19
39072.0,4
39073.0,2
39074.0,17
39075.0,12
39076.0,12
39077.0,21
39078.0,10
39079.0,9
39080.0,12
39081.0,8
39082.0,19
39083.0,6
39084.0,12
39085.0,16
39086.0,12
39087.0,5
39088.0,7
39089.0,8
39090.0,13
39091.0,10
39092.0,12
39093.0,20
39094.0,13
39095.0,13
39096.0,10
39097.0,1
39098.0,34
39099.0,48
39100.0,37
39101.0,12
39102.0,32
39103.0,15
39104.0,6
39105.0,9
39106.0,21
39107.0,10
39108.0,3
39109.0,7
39110.0,17
39111.0,8
39112.0,6
39113.0,9
39114.0,10
39115.0,18
39116.0,3
39117.0,7
39118.0,10
39119.0,4
39120.0,6
39121.0,6
39122.0,5
39123.0,9
39124.0,10
39125.0,9
39126.0,15
39127.0,4
39128.0,6
39129.0,8
39130.0,21
39131.0,21
39132.0,20
39133.0,6
39134.0,13
39135.0,27
39136.0,18
39137.0,21
39138.0,57
39139.0,21
39140.0,18
39141.0,13
39142.0,18
39143.0,4
39144.0,15
39145.0,7
39146.0,6
39147.0,4
39148.0,6
39149.0,1
39150.0,20
39151.0,7
39152.0,6
39153.0,2
39154.0,9
39155.0,9
39156.0,3
39157.0,3
39158.0,13
39159.0,9
39160.0,17
39161.0,8
39162.0,11
39163.0,12
39164.0,2
39165.0,7
39166.0,12
39167.0,16
39168.0,5
39169.0,7
39170.0,14
39171.0,12
39172.0,3
39173.0,7
39174.0,22
39175.0,12
39176.0,6
39177.0,11
39178.0,9
39179.0,17
39180.0,13
39181.0,8
39182.0,18
39183.0,8
39184.0,2
39185.0,4
39186.0,6
39187.0,9
39188.0,7
39189.0,4
39190.0,27
39191.0,17
39192.0,32
39193.0,15
39194.0,41
39195.0,35
39196.0,18
39197.0,26
39198.0,15
39199.0,12
39200.0,12
39201.0,24
39202.0,18
39203.0,13
39204.0,15
39205.0,31
39206.0,34
39207.0,50
39208.0,25
39209.0,17
39210.0,26
39211.0,7
39212.0,11
39213.0,7
39214.0,16
39215.0,23
39216.0,11
39217.0,4
39218.0,18
39219.0,22
39220.0,15
39221.0,30
39222.0,36
39223.0,31
39224.0,8
39225.0,10
39226.0,27
39227.0,13
39228.0,12
39229.0,9
39230.0,12
39231.0,14
39232.0,17
39233.0,10
39234.0,13
39235.0,13
39236.0,9
39237.0,19
39238.0,10
39239.0,12
39240.0,15
39241.0,9
39242.0,18
39243.0,19
39244.0,9
39245.0,19
39246.0,15
39247.0,9
39248.0,4
39249.0,12
39250.0,20
39251.0,15
39252.0,6
39253.0,8
39254.0,12
39255.0,17
39256.0,8
39257.0,10
39258.0,19
39259.0,13
39260.0,11
39261.0,7
39262.0,24
39263.0,5
39264.0,9
39265.0,11
39266.0,7
39267.0,10
39268.0,17
39270.0,16
39271.0,18
39272.0,3
39273.0,4
39274.0,9
39275.0,16
39276.0,7
39277.0,6
39278.0,12
39279.0,14
39280.0,21
39281.0,6
39282.0,13
39283.0,9
39284.0,4
39285.0,5
39286.0,11
39287.0,11
39288.0,4
39289.0,16
39290.0,18
39291.0,22
39292.0,12
39294.0,8
39295.0,14
39296.0,5
39297.0,11
39298.0,5
39299.0,6
39300.0,12
39301.0,7
39302.0,9
39303.0,9
39304.0,5
39305.0,14
39306.0,11
39307.0,8
39308.0,10
39309.0,5
39310.0,22
39311.0,11
39312.0,10
39313.0,2
39314.0,16
39315.0,25
39316.0,4
39317.0,7
39318.0,11
39319.0,10
39320.0,22
39321.0,16
39322.0,12
39323.0,12
39324.0,8
39325.0,10
39326.0,2
39327.0,13
39328.0,5
39329.0,2
39330.0,16
39331.0,14
39332.0,3
39333.0,6
39334.0,6
39335.0,21
39336.0,3
39337.0,5
39338.0,10
39339.0,16
39340.0,27
39341.0,9
39342.0,34
39343.0,17
39344.0,16
39345.0,7
39346.0,8
39347.0,9
39348.0,8
39349.0,8
39350.0,15
39351.0,33
39352.0,12
39353.0,7
39354.0,11
39355.0,19
39356.0,12
39357.0,10
39358.0,15
39359.0,10
39360.0,9
39361.0,2
39362.0,9
39363.0,12
39364.0,4
39365.0,11
39366.0,8
39367.0,6
39368.0,5
39369.0,7
39370.0,25
39371.0,17
39372.0,14
39373.0,6
39374.0,13
39375.0,10
39376.0,7
39377.0,7
39378.0,14
39379.0,14
39380.0,12
39381.0,26
39382.0,15
39383.0,6
39384.0,5
39385.0,15
39386.0,6
39387.0,4
39388.0,2
39389.0,2
39390.0,16
39391.0,5
39392.0,3
39393.0,13
39394.0,12
39395.0,21
39396.0,3
39397.0,3
39398.0,7
39399.0,4
39400.0,13
39401.0,4
39402.0,6
39403.0,6
39404.0,8
39405.0,11
39406.0,6
39407.0,8
39408.0,3
39409.0,14
39410.0,11
39411.0,16
39412.0,3
39413.0,6
39414.0,12
39415.0,10
39416.0,4
39417.0,7
39418.0,7
39419.0,2
39420.0,7
39421.0,2
39422.0,10
39423.0,7
39424.0,23
39425.0,6
39426.0,6
39427.0,1
39428.0,25
39429.0,9
39430.0,32
39431.0,12
39432.0,56
39433.0,31
39434.0,62
39435.0,67
39436.0,60
39437.0,45
39438.0,61
39439.0,70
39440.0,30
39441.0,21
39442.0,17
39443.0,9
39444.0,13
39445.0,19
39446.0,16
39447.0,17
39448.0,11
39449.0,3
39450.0,16
39451.0,14
39452.0,14
39453.0,5
39454.0,11
39455.0,18
39456.0,11
39457.0,7
39458.0,6
39459.0,19
39460.0,27
39461.0,10
39462.0,30
39463.0,6
39464.0,18
39465.0,11
39466.0,10
39467.0,19
39468.0,7
39469.0,8
39470.0,11
39471.0,11
39472.0,10
39473.0,4
39474.0,8
39475.0,9
39476.0,10
39477.0,8
39478.0,20
39479.0,5
39480.0,16
39481.0,7
39482.0,10
39483.0,8
39484.0,10
39485.0,7
39486.0,11
39487.0,7
39488.0,8
39489.0,4
39490.0,29
39491.0,17
39492.0,11
39493.0,9
39494.0,13
39495.0,28
39496.0,7
39497.0,12
39498.0,20
39499.0,14
39500.0,18
39501.0,24
39502.0,18
39503.0,10
39504.0,14
39505.0,23
39506.0,16
39507.0,10
39508.0,12
39509.0,8
39510.0,28
39511.0,15
39512.0,4
39513.0,9
39514.0,14
39515.0,20
39516.0,16
39517.0,5
39518.0,15
39519.0,20
39520.0,23
39521.0,12
39522.0,18
39523.0,8
39524.0,8
39525.0,10
39526.0,6
39527.0,9
39528.0,10
39529.0,44
39530.0,14
39531.0,39
39532.0,12
39533.0,6
39534.0,16
39535.0,8
39536.0,12
39537.0,32
39538.0,19
39539.0,6
39540.0,11
39541.0,19
39542.0,36
39543.0,6
39544.0,6
39545.0,9
39546.0,9
39547.0,28
39548.0,6
39549.0,2
39550.0,23
39551.0,20
39552.0,26
39553.0,23
39554.0,19
39555.0,24
39556.0,15
39557.0,12
39558.0,4
39559.0,28
39560.0,14
39561.0,12
39562.0,14
39563.0,11
39564.0,17
39565.0,19
39566.0,15
39567.0,12
39568.0,11
39569.0,10
39570.0,20
39571.0,10
39572.0,13
39573.0,4
39574.0,20
39575.0,10
39576.0,14
39577.0,14
39578.0,17
39579.0,20
39580.0,41
39581.0,34
39582.0,59
39583.0,20
39584.0,24
39585.0,37
39586.0,32
39587.0,29
39588.0,12
39589.0,20
39590.0,26
39591.0,41
39592.0,18
39593.0,37
39594.0,23
39595.0,23
39596.0,20
39597.0,33
39598.0,20
39599.0,26
39600.0,13
39601.0,7
39602.0,35
39603.0,28
39604.0,9
39605.0,19
39606.0,27
39607.0,10
39608.0,9
39609.0,27
39610.0,24
39611.0,48
39612.0,12
39613.0,22
39614.0,35
39615.0,25
39616.0,24
39617.0,22
39618.0,33
39619.0,13
39620.0,39
39621.0,33
39622.0,51
39623.0,23
39624.0,16
39625.0,25
39626.0,20
39627.0,26
39628.0,15
39629.0,37
39630.0,24
39631.0,35
39632.0,19
39633.0,19
39634.0,16
39635.0,31
39636.0,24
39637.0,25
39638.0,21
39639.0,25
39640.0,41
39641.0,24
39642.0,27
39643.0,28
39644.0,34
39645.0,24
39646.0,32
39647.0,33
39648.0,18
39649.0,27
39650.0,25
39651.0,42
39652.0,16
39653.0,32
39654.0,28
39655.0,12
39656.0,26
39657.0,17
39658.0,11
39659.0,28
39660.0,20
39661.0,15
39662.0,18
39663.0,19
39664.0,36
39665.0,33
39666.0,20
39667.0,14
39668.0,30
39669.0,16
39670.0,43
39671.0,38
39672.0,33
39673.0,24
39674.0,23
39675.0,31
39676.0,48
39677.0,27
39678.0,23
39679.0,29
39680.0,40
39681.0,23
39682.0,29
39683.0,32
39684.0,24
39685.0,27
39686.0,22
39687.0,11
39688.0,35
39689.0,30
39690.0,30
39691.0,13
39692.0,21
39693.0,14
39694.0,24
39695.0,30
39696.0,29
39697.0,31
39698.0,31
39699.0,25
39700.0,34
39701.0,26
39702.0,58
39703.0,31
39704.0,25
39705.0,31
39706.0,29
39707.0,28
39708.0,32
39709.0,34
39710.0,41
39711.0,13
39712.0,44
39713.0,19
39714.0,31
39715.0,26
39716.0,20
39717.0,14
39718.0,29
39719.0,14
39720.0,19
39721.0,20
39722.0,15
39723.0,25
39724.0,13
39725.0,16
39726.0,16
39727.0,22
39728.0,24
39729.0,13
39730.0,28
39731.0,35
39732.0,22
39733.0,25
39734.0,31
39735.0,33
39736.0,15
39737.0,26
39738.0,26
39739.0,22
39740.0,37
39741.0,13
39742.0,33
39743.0,28
39744.0,20
39745.0,32
39746.0,17
39747.0,15
39748.0,23
39749.0,12
39750.0,42
39751.0,12
39752.0,27
39753.0,10
39754.0,34
39755.0,10
39756.0,27
39757.0,15
39758.0,27
39759.0,25
39760.0,14
39761.0,22
39762.0,16
39763.0,19
39764.0,23
39765.0,23
39766.0,16
39767.0,6
39768.0,26
39769.0,17
39770.0,27
39771.0,26
39772.0,28
39773.0,15
39774.0,18
39775.0,18
39776.0,27
39777.0,14
39778.0,19
39779.0,16
39780.0,14
39781.0,28
39782.0,10
39783.0,17
39784.0,17
39785.0,9
39786.0,29
39787.0,9
39788.0,17
39789.0,7
39790.0,40
39791.0,24
39792.0,14
39793.0,27
39794.0,27
39795.0,35
39796.0,19
39797.0,12
39798.0,18
39799.0,20
39800.0,31
39801.0,24
39802.0,26
39803.0,17
39804.0,14
39805.0,20
39806.0,14
39807.0,24
39808.0,18
39809.0,12
39810.0,18
39811.0,41
39812.0,14
39813.0,21
39814.0,23
39815.0,28
39816.0,16
39817.0,4
39818.0,27
39819.0,15
39820.0,23
39821.0,37
39822.0,37
39823.0,33
39824.0,11
39825.0,27
39826.0,18
39827.0,13
39828.0,13
39829.0,10
39830.0,17
39831.0,20
39832.0,18
39833.0,18
39834.0,9
39835.0,27
39836.0,11
39837.0,16
39838.0,9
39839.0,16
39840.0,20
39841.0,16
39842.0,9
39843.0,21
39844.0,23
39845.0,28
39846.0,12
39847.0,29
39848.0,8
39849.0,11
39850.0,25
39851.0,33
39852.0,22
39853.0,8
39854.0,17
39855.0,33
39856.0,18
39857.0,35
39858.0,23
39859.0,37
39860.0,13
39861.0,22
39862.0,21
39863.0,14
39864.0,35
39865.0,10
39866.0,22
39867.0,17
39868.0,29
39869.0,22
39870.0,21
39871.0,19
39872.0,12
39873.0,29
39874.0,21
39875.0,10
39876.0,18
39877.0,22
39878.0,18
39879.0,21
39880.0,16
39881.0,36
39882.0,29
39883.0,22
39884.0,30
39885.0,10
39886.0,16
39887.0,7
39888.0,11
39889.0,15
39890.0,21
39891.0,19
39892.0,7
39893.0,11
39894.0,16
39895.0,23
39896.0,8
39897.0,5
39898.0,12
39899.0,20
39900.0,8
39901.0,15
39902.0,10
39903.0,16
39904.0,2
39905.0,20
39906.0,6
39907.0,2
39908.0,6
39909.0,12
39910.0,24
39911.0,23
39912.0,3
39913.0,11
39914.0,9
39915.0,16
39916.0,4
39917.0,10
39918.0,16
39919.0,16
39920.0,23
39921.0,14
39922.0,15
39923.0,13
39924.0,16
39925.0,28
39926.0,26
39927.0,29
39928.0,15
39929.0,27
39930.0,33
39931.0,11
39932.0,6
39933.0,10
39934.0,11
39935.0,12
39936.0,6
39937.0,3
39938.0,14
39939.0,14
39940.0,23
39941.0,11
39942.0,34
39943.0,33
39944.0,16
39945.0,11
39946.0,14
39947.0,11
39948.0,8
39949.0,16
39950.0,31
39951.0,18
39952.0,5
39953.0,3
39954.0,13
39955.0,18
39956.0,11
39957.0,9
39958.0,13
39959.0,11
39960.0,6
39961.0,7
39962.0,4
39963.0,14
39964.0,13
39965.0,9
39966.0,11
39967.0,14
39968.0,10
39969.0,7
39970.0,18
39971.0,30
39972.0,10
39973.0,4
39974.0,18
39975.0,15
39976.0,5
39977.0,9
39978.0,15
39979.0,26
39980.0,20
39981.0,11
39982.0,19
39983.0,11
39984.0,10
39985.0,23
39986.0,11
39987.0,5
39988.0,6
39989.0,18
39990.0,17
39991.0,15
39992.0,2
39993.0,9
39994.0,5
39995.0,11
39996.0,6
39997.0,3
39998.0,15
39999.0,3
40000.0,4
40001.0,14
40002.0,3
40003.0,7
40004.0,9
40005.0,6
40006.0,7
40007.0,6
40008.0,4
40009.0,8
40010.0,8
40011.0,23
40012.0,3
40013.0,1
40014.0,7
40015.0,8
40016.0,5
40017.0,4
40018.0,9
40019.0,15
40020.0,8
40021.0,4
40022.0,8
40023.0,2
40024.0,10
40025.0,4
40026.0,4
40027.0,1
40028.0,6
40029.0,2
40030.0,14
40031.0,17
40032.0,17
40033.0,5
40034.0,5
40035.0,14
40036.0,16
40037.0,13
40038.0,6
40039.0,12
40040.0,26
40041.0,5
40042.0,23
40043.0,36
40044.0,14
40045.0,20
40046.0,7
40047.0,1
40048.0,4
40049.0,4
40050.0,11
40051.0,30
40052.0,6
40053.0,18
40054.0,26
40055.0,20
40056.0,18
40057.0,7
40058.0,19
40059.0,29
40060.0,25
40061.0,9
40062.0,31
40063.0,9
40064.0,17
40065.0,6
40066.0,12
40067.0,14
40068.0,20
40069.0,8
40070.0,29
40071.0,13
40072.0,4
40074.0,13
40075.0,9
40076.0,5
40077.0,6
40078.0,7
40079.0,6
40080.0,8
40081.0,9
40082.0,8
40083.0,2
40084.0,2
40085.0,10
40086.0,8
40087.0,3
40088.0,13
40089.0,9
40090.0,25
40091.0,20
40092.0,14
40093.0,13
40094.0,27
40095.0,14
40096.0,4
40097.0,10
40098.0,15
40099.0,7
40100.0,17
40101.0,8
40102.0,20
40103.0,1
40104.0,3
40105.0,9
40106.0,10
40107.0,1
40108.0,1
40109.0,8
40110.0,21
40111.0,9
40112.0,3
40113.0,2
40114.0,16
40115.0,4
40116.0,5
40117.0,2
40118.0,9
40119.0,2
40120.0,10
40121.0,7
40122.0,13
40123.0,11
40124.0,6
40125.0,14
40126.0,12
40127.0,6
40128.0,2
40129.0,13
40130.0,19
40131.0,23
40132.0,2
40133.0,3
40134.0,11
40135.0,16
40136.0,7
40137.0,13
40138.0,4
40139.0,18
40140.0,13
40141.0,5
40142.0,19
40143.0,7
40144.0,6
40145.0,7
40146.0,6
40147.0,2
40148.0,16
40149.0,13
40150.0,17
40151.0,23
40152.0,11
40153.0,8
40154.0,16
40155.0,16
40156.0,24
40157.0,19
40158.0,8
40159.0,16
40160.0,14
40161.0,4
40162.0,25
40163.0,9
40164.0,10
40165.0,14
40166.0,7
40167.0,8
40168.0,5
40169.0,4
40170.0,15
40171.0,12
40172.0,3
40173.0,8
40174.0,8
40175.0,16
40176.0,4
40177.0,11
40178.0,14
40179.0,4
40180.0,16
40181.0,12
40182.0,22
40183.0,3
40184.0,13
40185.0,9
40186.0,8
40187.0,5
40188.0,1
40189.0,2
40190.0,7
40191.0,3
40192.0,24
40193.0,10
40194.0,7
40195.0,9
40196.0,1
40197.0,13
40198.0,16
40199.0,28
40200.0,8
40201.0,3
40202.0,7
40203.0,14
40204.0,1
40205.0,5
40206.0,7
40207.0,5
40208.0,21
40209.0,5
40210.0,16
40211.0,16
40212.0,6
40213.0,7
40214.0,18
40215.0,20
40216.0,9
40217.0,6
40218.0,11
40219.0,21
40220.0,30
40221.0,16
40222.0,46
40223.0,16
40224.0,7
40225.0,10
40226.0,22
40227.0,1
40228.0,18
40229.0,9
40230.0,15
40231.0,19
40232.0,3
40233.0,9
40234.0,16
40235.0,11
40236.0,5
40237.0,4
40238.0,18
40239.0,13
40240.0,19
40241.0,14
40242.0,10
40243.0,2
40244.0,7
40245.0,5
40246.0,11
40247.0,8
40248.0,1
40249.0,4
40250.0,11
40251.0,1
40252.0,4
40253.0,17
40254.0,7
40255.0,8
40256.0,7
40257.0,2
40258.0,4
40259.0,1
40260.0,8
40261.0,4
40262.0,6
40263.0,5
40264.0,1
40265.0,5
40266.0,3
40267.0,8
40268.0,1
40269.0,13
40270.0,20
40271.0,26
40272.0,5
40274.0,10
40275.0,4
40276.0,8
40278.0,16
40279.0,6
40280.0,7
40281.0,15
40282.0,5
40283.0,7
40284.0,2
40285.0,29
40286.0,5
40287.0,11
40288.0,6
40289.0,1
40290.0,16
40291.0,9
40292.0,26
40293.0,1
40294.0,7
40295.0,9
40296.0,8
40297.0,5
40298.0,9
40299.0,10
40300.0,7
40301.0,1
40302.0,26
40303.0,10
40304.0,1
40305.0,24
40306.0,26
40307.0,2
40308.0,19
40309.0,12
40310.0,10
40311.0,3
40312.0,12
40313.0,8
40314.0,14
40315.0,6
40316.0,11
40317.0,2
40318.0,3
40319.0,5
40320.0,16
40321.0,2
40322.0,5
40323.0,2
40324.0,27
40325.0,4
40326.0,5
40327.0,2
40328.0,8
40330.0,7
40331.0,7
40332.0,22
40334.0,8
40335.0,4
40336.0,34
40338.0,8
40339.0,28
40340.0,5
40341.0,3
40342.0,73
40343.0,1
40344.0,34
40345.0,21
40346.0,5
40347.0,40
40348.0,5
40349.0,5
40350.0,43
40351.0,9
40352.0,22
40353.0,9
40354.0,14
40355.0,21
40356.0,6
40357.0,25
40358.0,20
40359.0,10
40360.0,25
40361.0,20
40362.0,23
40364.0,1
40365.0,4
40366.0,9
40367.0,11
40368.0,10
40369.0,5
40370.0,8
40371.0,18
40372.0,12
40373.0,11
40374.0,35
40375.0,12
40376.0,10
40377.0,9
40378.0,11
40379.0,5
40380.0,15
40381.0,21
40382.0,9
40383.0,8
40384.0,4
40385.0,7
40386.0,8
40387.0,8
40388.0,31
40389.0,3
40390.0,23
40391.0,13
40392.0,11
40393.0,1
40394.0,18
40395.0,15
40396.0,11
40397.0,5
40398.0,9
40399.0,28
40400.0,15
40401.0,11
40402.0,19
40403.0,25
40404.0,20
40405.0,19
40406.0,7
40407.0,13
40408.0,11
40409.0,14
40410.0,43
40411.0,17
40412.0,12
40413.0,11
40414.0,28
40415.0,12
40416.0,9
40417.0,8
40418.0,11
40419.0,18
40420.0,26
40421.0,9
40422.0,29
40423.0,14
40424.0,7
40425.0,15
40426.0,14
40427.0,11
40428.0,6
40429.0,13
40430.0,12
40431.0,6
40432.0,9
40433.0,9
40434.0,8
40435.0,34
40436.0,5
40437.0,9
40438.0,10
40439.0,27
40440.0,34
40441.0,12
40442.0,17
40443.0,17
40444.0,6
40445.0,17
40446.0,15
40447.0,8
40448.0,12
40449.0,8
40450.0,17
40451.0,26
40452.0,22
40453.0,20
40454.0,13
40455.0,22
40456.0,10
40457.0,15
40458.0,20
40459.0,25
40460.0,16
40461.0,21
40462.0,14
40463.0,26
40464.0,16
40465.0,10
40466.0,4
40467.0,11
40468.0,2
40469.0,12
40470.0,23
40471.0,18
40472.0,19
40473.0,12
40474.0,20
40475.0,13
40476.0,4
40477.0,5
40478.0,12
40479.0,6
40480.0,13
40481.0,6
40482.0,3
40483.0,11
40484.0,12
40485.0,17
40486.0,8
40487.0,7
40488.0,7
40489.0,4
40490.0,9
40491.0,11
40492.0,9
40493.0,6
40494.0,12
40495.0,24
40496.0,4
40497.0,7
40498.0,9
40499.0,5
40500.0,14
40501.0,11
40502.0,12
40503.0,12
40504.0,13
40505.0,7
40506.0,8
40507.0,8
40508.0,12
40509.0,4
40510.0,18
40511.0,16
40512.0,6
40513.0,1
40514.0,11
40515.0,22
40516.0,12
40517.0,10
40518.0,12
40519.0,30
40520.0,17
40521.0,6
40522.0,15
40523.0,15
40524.0,9
40525.0,13
40526.0,7
40527.0,1
40528.0,5
40529.0,5
40530.0,14
40531.0,6
40532.0,4
40533.0,1
40534.0,4
40535.0,9
40536.0,16
40537.0,4
40538.0,24
40539.0,18
40540.0,52
40541.0,16
40542.0,23
40543.0,12
40544.0,6
40545.0,10
40546.0,12
40547.0,12
40548.0,2
40549.0,5
40550.0,16
40551.0,6
40552.0,4
40553.0,1
40554.0,9
40555.0,11
40556.0,10
40557.0,1
40558.0,4
40559.0,5
40560.0,12
40561.0,6
40562.0,11
40563.0,10
40564.0,11
40565.0,8
40566.0,12
40567.0,7
40568.0,8
40569.0,13
40570.0,30
40571.0,42
40572.0,49
40573.0,15
40574.0,14
40575.0,32
40576.0,10
40577.0,12
40578.0,8
40579.0,25
40580.0,9
40581.0,1
40582.0,6
40583.0,6
40584.0,2
40585.0,5
40586.0,9
40587.0,1
40588.0,3
40589.0,42
40590.0,29
40591.0,27
40592.0,10
40593.0,15
40594.0,8
40595.0,13
40596.0,3
40597.0,6
40598.0,26
40599.0,10
40600.0,16
40601.0,6
40602.0,8
40603.0,7
40604.0,2
40605.0,15
40606.0,10
40607.0,7
40608.0,14
40609.0,6
40610.0,17
40611.0,11
40612.0,22
40613.0,35
40614.0,47
40615.0,37
40616.0,10
40617.0,5
40618.0,16
40619.0,7
40620.0,8
40621.0,8
40622.0,7
40623.0,5
40624.0,7
40625.0,11
40626.0,8
40627.0,4
40628.0,6
40629.0,2
40630.0,36
40631.0,19
40632.0,29
40633.0,27
40634.0,32
40635.0,30
40636.0,23
40637.0,27
40638.0,20
40639.0,12
40640.0,17
40641.0,11
40642.0,41
40643.0,18
40644.0,22
40645.0,30
40646.0,16
40647.0,16
40648.0,25
40649.0,7
40650.0,26
40651.0,17
40652.0,10
40653.0,13
40654.0,12
40655.0,10
40656.0,10
40657.0,11
40658.0,17
40659.0,12
40660.0,28
40661.0,6
40662.0,43
40663.0,32
40664.0,14
40665.0,17
40666.0,13
40667.0,18
40668.0,24
40669.0,13
40670.0,20
40671.0,15
40672.0,16
40673.0,6
40674.0,12
40675.0,29
40676.0,33
40677.0,15
40678.0,14
40679.0,8
40680.0,18
40681.0,5
40682.0,19
40683.0,6
40684.0,9
40685.0,5
40686.0,10
40687.0,10
40688.0,15
40689.0,9
40690.0,20
40691.0,13
40692.0,10
40693.0,12
40694.0,13
40695.0,22
40696.0,9
40697.0,7
40698.0,21
40699.0,6
40700.0,15
40701.0,4
40702.0,16
40703.0,13
40704.0,6
40705.0,11
40706.0,5
40707.0,1
40708.0,2
40709.0,1
40710.0,8
40711.0,9
40712.0,3
40713.0,4
40714.0,4
40715.0,5
40716.0,3
40717.0,3
40718.0,8
40719.0,2
40720.0,21
40721.0,4
40722.0,6
40723.0,4
40724.0,5
40725.0,9
40726.0,12
40727.0,4
40728.0,4
40729.0,2
40730.0,12
40731.0,9
40732.0,6
40733.0,4
40734.0,8
40735.0,16
40736.0,10
40737.0,7
40738.0,4
40739.0,18
40740.0,9
40741.0,4
40742.0,12
40743.0,7
40744.0,17
40745.0,10
40746.0,4
40747.0,8
40748.0,5
40749.0,6
40750.0,25
40751.0,14
40752.0,11
40753.0,3
40754.0,12
40755.0,24
40756.0,6
40757.0,7
40758.0,10
40759.0,9
40760.0,21
40761.0,15
40762.0,23
40763.0,16
40764.0,17
40765.0,18
40766.0,6
40767.0,5
40768.0,12
40769.0,3
40770.0,22
40771.0,7
40772.0,8
40773.0,1
40774.0,4
40775.0,7
40776.0,11
40777.0,9
40778.0,7
40779.0,17
40780.0,29
40781.0,4
40782.0,29
40783.0,9
40784.0,7
40785.0,7
40786.0,4
40787.0,5
40788.0,6
40789.0,4
40790.0,11
40791.0,7
40792.0,13
40793.0,2
40794.0,10
40795.0,21
40796.0,16
40797.0,10
40798.0,6
40799.0,8
40800.0,12
40801.0,8
40802.0,13
40803.0,8
40804.0,9
40805.0,5
40806.0,16
40807.0,7
40808.0,9
40809.0,2
40810.0,23
40811.0,20
40812.0,12
40813.0,17
40814.0,5
40815.0,18
40816.0,24
40817.0,15
40818.0,10
40819.0,10
40820.0,23
40821.0,21
40822.0,15
40823.0,10
40824.0,13
40825.0,9
40826.0,9
40827.0,7
40828.0,7
40830.0,13
40831.0,6
40832.0,3
40833.0,7
40834.0,14
40835.0,20
40836.0,6
40837.0,8
40838.0,13
40839.0,5
40840.0,12
40841.0,8
40842.0,6
40843.0,14
40844.0,7
40845.0,10
40846.0,6
40847.0,12
40848.0,7
40849.0,6
40850.0,13
40851.0,11
40852.0,11
40853.0,1
40854.0,6
40855.0,16
40856.0,9
40857.0,7
40858.0,11
40859.0,8
40860.0,14
40861.0,9
40862.0,5
40863.0,3
40864.0,6
40865.0,4
40866.0,5
40867.0,8
40868.0,10
40869.0,2
40870.0,14
40871.0,28
40872.0,10
40873.0,12
40874.0,5
40875.0,18
40876.0,8
40877.0,6
40878.0,5
40879.0,6
40880.0,9
40881.0,16
40882.0,18
40883.0,14
40884.0,8
40885.0,13
40886.0,7
40887.0,4
40888.0,10
40889.0,3
40890.0,14
40891.0,10
40892.0,1
40893.0,4
40894.0,4
40895.0,10
40896.0,5
40897.0,3
40898.0,3
40899.0,3
40900.0,10
40901.0,21
40902.0,28
40903.0,16
40904.0,5
40905.0,9
40906.0,8
40907.0,13
40908.0,12
40909.0,6
40910.0,8
40911.0,10
40912.0,5
40913.0,1
40914.0,12
40915.0,15
40916.0,10
40917.0,5
40918.0,9
40919.0,6
40920.0,16
40921.0,13
40922.0,11
40923.0,6
40924.0,12
40925.0,5
40926.0,16
40927.0,13
40928.0,15
40929.0,5
40930.0,16
40931.0,32
40932.0,10
40933.0,11
40934.0,17
40935.0,17
40936.0,15
40937.0,13
40938.0,16
40939.0,13
40940.0,37
40941.0,25
40942.0,18
40943.0,17
40944.0,24
40945.0,17
40946.0,11
40947.0,9
40948.0,12
40949.0,9
40950.0,16
40951.0,9
40952.0,8
40953.0,6
40954.0,8
40955.0,16
40956.0,16
40957.0,2
40958.0,20
40959.0,6
40960.0,15
40961.0,2
40962.0,16
40963.0,2
40964.0,13
40965.0,5
40966.0,6
40967.0,10
40968.0,9
40969.0,8
40970.0,16
40971.0,12
40972.0,11
40973.0,2
40974.0,12
40975.0,13
40976.0,15
40977.0,2
40978.0,10
40979.0,7
40980.0,13
40981.0,9
40982.0,10
40983.0,7
40984.0,11
40985.0,8
40986.0,6
40987.0,4
40988.0,7
40990.0,15
40991.0,19
40992.0,12
40993.0,9
40994.0,24
40995.0,13
40996.0,14
40997.0,9
40998.0,15
40999.0,8
41000.0,16
41001.0,8
41002.0,10
41003.0,6
41004.0,3
41005.0,14
41006.0,4
41007.0,7
41008.0,7
41009.0,1
41010.0,15
41011.0,5
41012.0,6
41013.0,3
41014.0,7
41015.0,7
41016.0,4
41017.0,1
41018.0,4
41019.0,9
41020.0,15
41021.0,18
41022.0,26
41023.0,11
41024.0,7
41025.0,9
41026.0,8
41027.0,11
41028.0,5
41029.0,16
41030.0,21
41031.0,15
41032.0,7
41033.0,5
41034.0,11
41035.0,23
41036.0,9
41037.0,10
41038.0,9
41039.0,15
41040.0,12
41041.0,6
41042.0,9
41043.0,8
41044.0,12
41045.0,8
41046.0,13
41047.0,11
41048.0,11
41049.0,11
41050.0,15
41051.0,18
41052.0,10
41053.0,8
41054.0,7
41055.0,9
41056.0,8
41057.0,12
41058.0,10
41059.0,22
41060.0,13
41061.0,6
41062.0,25
41063.0,5
41064.0,3
41065.0,11
41066.0,4
41067.0,8
41068.0,3
41069.0,9
41070.0,13
41071.0,9
41072.0,1
41074.0,6
41075.0,12
41076.0,3
41077.0,6
41078.0,8
41079.0,2
41080.0,13
41081.0,5
41082.0,22
41083.0,12
41084.0,6
41085.0,3
41086.0,5
41087.0,9
41088.0,2
41089.0,5
41090.0,15
41091.0,29
41092.0,6
41093.0,10
41094.0,7
41095.0,16
41096.0,6
41097.0,4
41098.0,21
41099.0,34
41100.0,10
41101.0,16
41102.0,5
41103.0,7
41104.0,26
41105.0,8
41106.0,6
41107.0,14
41108.0,11
41109.0,5
41110.0,17
41111.0,9
41112.0,8
41113.0,5
41114.0,14
41115.0,11
41116.0,13
41117.0,5
41118.0,6
41119.0,11
41120.0,16
41121.0,6
41122.0,22
41123.0,10
41124.0,5
41125.0,11
41126.0,12
41127.0,8
41128.0,7
41129.0,6
41130.0,17
41131.0,7
41132.0,6
41133.0,6
41134.0,11
41135.0,13
41136.0,11
41137.0,7
41138.0,10
41139.0,27
41140.0,17
41141.0,16
41142.0,23
41143.0,20
41144.0,9
41145.0,13
41146.0,21
41147.0,5
41148.0,6
41149.0,9
41150.0,9
41151.0,7
41152.0,9
41153.0,2
41154.0,17
41155.0,22
41156.0,12
41157.0,8
41158.0,16
41159.0,9
41160.0,15
41161.0,7
41162.0,6
41163.0,11
41164.0,3
41165.0,9
41166.0,10
41167.0,3
41168.0,3
41169.0,4
41170.0,18
41171.0,15
41172.0,23
41173.0,6
41174.0,21
41175.0,22
41176.0,12
41177.0,14
41178.0,17
41179.0,10
41180.0,11
41181.0,11
41182.0,15
41183.0,10
41184.0,5
41185.0,16
41186.0,7
41187.0,6
41188.0,7
41189.0,10
41190.0,21
41191.0,13
41192.0,4
41193.0,2
41194.0,12
41195.0,15
41196.0,9
41197.0,8
41198.0,8
41199.0,14
41200.0,18
41201.0,12
41202.0,7
41203.0,8
41204.0,5
41205.0,10
41206.0,11
41207.0,10
41208.0,6
41209.0,15
41210.0,16
41211.0,13
41212.0,9
41213.0,10
41214.0,11
41215.0,20
41216.0,5
41217.0,6
41218.0,8
41219.0,7
41220.0,16
41221.0,5
41222.0,12
41223.0,6
41224.0,12
41225.0,3
41226.0,4
41227.0,4
41228.0,7
41229.0,6
41230.0,25
41231.0,21
41232.0,28
41234.0,15
41235.0,16
41236.0,14
41237.0,4
41238.0,4
41239.0,7
41240.0,5
41241.0,6
41242.0,24
41243.0,17
41244.0,8
41245.0,13
41246.0,9
41247.0,5
41248.0,11
41249.0,13
41250.0,28
41251.0,23
41252.0,19
41253.0,15
41254.0,13
41255.0,8
41256.0,17
41257.0,10
41258.0,11
41259.0,18
41260.0,28
41261.0,16
41262.0,30
41263.0,19
41264.0,11
41265.0,21
41266.0,5
41267.0,13
41268.0,18
41269.0,11
41270.0,15
41271.0,11
41272.0,17
41273.0,14
41274.0,20
41275.0,11
41276.0,18
41277.0,18
41278.0,14
41279.0,19
41280.0,23
41281.0,11
41282.0,13
41283.0,17
41284.0,18
41285.0,27
41286.0,6
41287.0,8
41288.0,8
41289.0,12
41290.0,17
41291.0,36
41292.0,13
41293.0,10
41294.0,15
41295.0,21
41296.0,9
41297.0,7
41298.0,20
41299.0,12
41300.0,19
41301.0,13
41302.0,38
41303.0,21
41304.0,13
41305.0,22
41306.0,18
41307.0,9
41308.0,14
41309.0,10
41310.0,37
41311.0,26
41312.0,16
41313.0,14
41314.0,18
41315.0,17
41316.0,16
41317.0,13
41318.0,17
41319.0,14
41320.0,20
41321.0,16
41322.0,11
41323.0,23
41324.0,25
41325.0,31
41326.0,19
41327.0,24
41328.0,7
41329.0,10
41330.0,26
41331.0,13
41332.0,19
41333.0,9
41334.0,23
41335.0,13
41336.0,10
41337.0,16
41338.0,4
41339.0,6
41340.0,22
41341.0,13
41342.0,6
41343.0,14
41344.0,26
41345.0,9
41346.0,14
41347.0,9
41348.0,15
41349.0,3
41350.0,22
41351.0,24
41352.0,15
41353.0,5
41354.0,10
41355.0,22
41356.0,9
41357.0,15
41358.0,4
41359.0,12
41360.0,14
41361.0,5
41362.0,17
41363.0,10
41364.0,7
41365.0,13
41366.0,18
41367.0,23
41368.0,17
41369.0,10
41370.0,26
41371.0,15
41372.0,8
41373.0,7
41374.0,11
41375.0,8
41376.0,13
41377.0,2
41378.0,6
41379.0,8
41380.0,12
41381.0,22
41382.0,36
41383.0,23
41384.0,11
41385.0,7
41386.0,15
41387.0,9
41388.0,8
41389.0,7
41390.0,10
41391.0,12
41392.0,18
41393.0,3
41394.0,18
41395.0,9
41396.0,12
41397.0,9
41398.0,11
41399.0,7
41400.0,9
41401.0,4
41402.0,5
41403.0,4
41404.0,9
41405.0,8
41406.0,2
41407.0,3
41408.0,4
41409.0,7
41410.0,19
41411.0,33
41412.0,9
41413.0,7
41414.0,1
41415.0,20
41416.0,13
41417.0,5
41418.0,13
41419.0,31
41420.0,10
41421.0,11
41422.0,20
41423.0,15
41424.0,30
41425.0,11
41426.0,11
41427.0,8
41428.0,12
41429.0,9
41430.0,27
41431.0,8
41432.0,7
41433.0,11
41434.0,11
41435.0,17
41436.0,18
41437.0,16
41438.0,17
41439.0,11
41440.0,24
41441.0,13
41442.0,9
41443.0,8
41444.0,13
41445.0,22
41446.0,22
41447.0,14
41448.0,12
41449.0,10
41450.0,24
41451.0,13
41452.0,12
41453.0,9
41454.0,15
41455.0,23
41456.0,17
41457.0,8
41458.0,7
41459.0,11
41460.0,26
41461.0,10
41462.0,10
41463.0,9
41464.0,23
41465.0,11
41466.0,7
41467.0,9
41468.0,7
41469.0,2
41470.0,28
41471.0,13
41472.0,13
41473.0,5
41474.0,18
41475.0,10
41476.0,21
41477.0,4
41478.0,11
41479.0,13
41480.0,16
41481.0,13
41482.0,13
41483.0,8
41484.0,10
41485.0,18
41486.0,5
41487.0,6
41488.0,12
41489.0,8
41490.0,19
41491.0,9
41492.0,12
41493.0,3
41494.0,6
41495.0,9
41496.0,4
41497.0,4
41498.0,8
41499.0,28
41500.0,37
41501.0,18
41502.0,29
41503.0,21
41504.0,18
41505.0,6
41506.0,19
41507.0,9
41508.0,14
41509.0,8
41510.0,16
41511.0,9
41512.0,8
41513.0,4
41514.0,11
41515.0,19
41516.0,15
41517.0,15
41518.0,11
41519.0,7
41520.0,9
41521.0,2
41522.0,9
41523.0,1
41524.0,10
41525.0,4
41526.0,11
41527.0,4
41528.0,6
41529.0,2
41530.0,18
41531.0,22
41532.0,19
41533.0,24
41534.0,15
41535.0,14
41536.0,10
41537.0,6
41538.0,14
41539.0,14
41540.0,16
41541.0,14
41542.0,14
41543.0,19
41544.0,24
41545.0,31
41546.0,20
41547.0,8
41548.0,13
41549.0,7
41550.0,24
41551.0,17
41552.0,18
41553.0,13
41554.0,23
41555.0,12
41556.0,22
41557.0,10
41558.0,8
41559.0,12
41560.0,19
41561.0,21
41562.0,11
41563.0,10
41564.0,5
41565.0,13
41566.0,12
41567.0,16
41568.0,12
41569.0,9
41570.0,17
41571.0,10
41572.0,12
41573.0,10
41574.0,13
41575.0,19
41576.0,15
41577.0,21
41578.0,16
41579.0,12
41580.0,16
41581.0,11
41582.0,16
41583.0,19
41584.0,12
41585.0,12
41586.0,16
41587.0,6
41588.0,4
41589.0,19
41590.0,29
41591.0,18
41592.0,15
41593.0,9
41594.0,11
41595.0,17
41596.0,20
41597.0,5
41598.0,11
41599.0,5
41600.0,18
41601.0,10
41602.0,12
41603.0,15
41604.0,9
41605.0,22
41606.0,21
41607.0,3
41608.0,9
41609.0,8
41610.0,15
41611.0,15
41612.0,12
41613.0,5
41614.0,14
41615.0,11
41616.0,5
41617.0,8
41618.0,4
41619.0,3
41620.0,27
41621.0,10
41622.0,21
41623.0,18
41624.0,11
41625.0,17
41626.0,8
41627.0,15
41628.0,6
41629.0,7
41630.0,14
41631.0,16
41632.0,12
41633.0,12
41634.0,9
41635.0,17
41636.0,6
41637.0,6
41638.0,8
41639.0,3
41640.0,18
41641.0,7
41642.0,5
41643.0,11
41644.0,13
41645.0,10
41646.0,23
41647.0,12
41648.0,4
41649.0,3
41650.0,14
41651.0,22
41652.0,9
41653.0,3
41654.0,10
41655.0,13
41656.0,4
41657.0,9
41658.0,15
41659.0,17
41660.0,33
41661.0,26
41662.0,17
41663.0,19
41664.0,10
41665.0,17
41666.0,14
41667.0,11
41668.0,11
41669.0,20
41670.0,22
41671.0,16
41672.0,8
41673.0,10
41674.0,17
41675.0,16
41676.0,15
41677.0,3
41678.0,14
41679.0,19
41680.0,23
41681.0,11
41682.0,7
41683.0,10
41684.0,19
41685.0,14
41686.0,14
41687.0,16
41688.0,15
41689.0,15
41690.0,13
41691.0,15
41692.0,17
41693.0,15
41694.0,17
41695.0,21
41696.0,18
41697.0,10
41698.0,14
41699.0,19
41700.0,18
41701.0,7
41702.0,6
41703.0,11
41704.0,7
41705.0,6
41706.0,3
41707.0,2
41708.0,4
41709.0,6
41710.0,19
41711.0,20
41712.0,22
41713.0,6
41714.0,10
41715.0,11
41716.0,9
41717.0,7
41718.0,7
41719.0,12
41720.0,12
41721.0,11
41722.0,13
41723.0,10
41724.0,11
41725.0,18
41726.0,2
41727.0,3
41728.0,11
41729.0,10
41730.0,19
41731.0,9
41732.0,8
41733.0,12
41734.0,3
41735.0,12
41736.0,10
41737.0,5
41738.0,10
41739.0,4
41740.0,27
41741.0,15
41742.0,28
41743.0,8
41744.0,6
41745.0,9
41746.0,7
41747.0,8
41748.0,5
41749.0,6
41750.0,10
41751.0,15
41752.0,13
41753.0,16
41754.0,11
41755.0,14
41756.0,4
41757.0,8
41758.0,9
41759.0,9
41760.0,16
41761.0,5
41762.0,15
41763.0,9
41764.0,7
41765.0,6
41766.0,13
41767.0,11
41768.0,9
41769.0,11
41770.0,1
